0.0017700000007607741 193 0
9.759999993548263E-4 18513 54
9.770000006028567E-4 794 8
9.149999996225233E-4 833 14
0.001036999999996624 1903 30
0.0011599999997997656 860 13
0.0011599999997997656 2854 47
0.0011599999997997656 10888 123
0.0010990000000674627 1889 32
0.001343000000815664 6823 56
0.0028679999995802063 2556 5
9.76999999693362E-4 2195 39
0.0015870000006543705 838 17
0.012206999999762047 8263 8
0.0014030000002094312 1504 34
0.0012209999995320686 2762 51
7.329999998546555E-4 1841 38
9.15000000532018E-4 925 24
7.930000001579174E-4 2871 72
6.109999994805548E-4 812 16
0.0014039999996384722 8866 24
0.011902000000191038 7443 3
0.0011599999997997656 2317 60
0.0012200000001030276 1839 46
0.0012809999998353305 2912 78
0.003906999999344407 3641 10
7.329999998546555E-4 1148 27
9.149999996225233E-4 860 25
0.001037999999425665 2889 78
0.001404000000547967 917 21
0.0014030000002094312 869 25
0.0010380000003351597 2922 73
0.0012200000001030276 891 26
0.0012820000001738663 14914 72
0.0014649999993707752 837 23
0.0014650000002802699 895 21
0.0012809999998353305 910 25
0.0010990000000674627 888 19
0.0012209999995320686 1882 51
0.0013420000004771282 900 21
0.0014039999996384722 2947 77
0.0012820000001738663 16907 21
0.0012209999995320686 2834 69
0.0010990000000674627 1847 48
0.0012200000001030276 1941 58
0.0014039999996384722 860 20
0.0014039999996384722 1412 40
0.001037999999425665 1864 53
0.0012200000001030276 898 28
0.0012209999995320686 1875 53
0.0011590000003707246 948 30
0.0010990000000674627 531 16
0.0012820000001738663 891 28
9.149999996225233E-4 947 24
0.008056000000578933 8377 48
0.0014039999996384722 222 4
0.0011599999997997656 854 25
7.929999992484227E-4 14909 144
7.329999998546555E-4 1903 52
9.770000006028567E-4 1952 47
4.269999999451102E-4 840 21
0.001037999999425665 375 9
0.001097999999728927 1458 34
0.001036999999996624 2141 56
0.011597000000620028 12133 110
0.0012809999998353305 1311 11
3.660000002128072E-4 5856 154
4.269999999451102E-4 930 25
3.660000002128072E-4 905 25
0.028442999999242602 26609 6
0.0013420000004771282 196 4
7.329999998546555E-4 912 19
7.939999995869584E-4 1901 49
7.930000001579174E-4 864 25
7.329999998546555E-4 918 20
8.539999998902204E-4 944 28
8.550000002287561E-4 951 29
0.03076099999998405 20655 9
8.550000002287561E-4 1114 22
7.930000001579174E-4 854 26
9.159999999610591E-4 2922 74
7.929999992484227E-4 929 23
7.930000001579174E-4 3895 105
0.0015869999997448758 19017 117
0.0016479999994771788 786 22
9.76000000264321E-4 3556 88
0.0013429999999061693 1859 54
0.0010990000000674627 828 13
0.0012200000001030276 880 24
0.0014650000002802699 886 16
0.004455999999663618 6507 59
7.319999995161197E-4 3274 90
9.76000000264321E-4 1925 48
9.770000006028567E-4 1182 33
0.001036999999996624 989 26
7.320000004256144E-4 1392 28
7.930000001579174E-4 4847 131
9.770000006028567E-4 937 25
7.929999992484227E-4 917 27
0.0014650000002802699 911 18
0.02435299999979179 22656 66
9.159999999610591E-4 4091 108
7.320000004256144E-4 2889 76
0.0011599999997997656 960 27
0.0012820000001738663 889 16
0.0017090000001189765 210 3
8.539999998902204E-4 1865 44
0.005371000000195636 5546 39
6.720000001223525E-4 3356 88
0.0012209999995320686 1914 52
0.0011600000007092603 913 15
0.0011590000003707246 9856 35
0.0011599999997997656 1862 42
0.006957999999940512 5481 5
0.0012820000001738663 316 7
6.100000000515138E-4 916 21
6.100000000515138E-4 923 26
6.109999994805548E-4 913 23
9.159999999610591E-4 1957 50
7.930000001579174E-4 3875 39
8.539999998902204E-4 1233 33
0.0013429999999061693 379 9
0.010680999999749474 11553 89
0.0010380000003351597 2213 55
7.940000004964531E-4 1623 40
7.320000004256144E-4 3877 101
7.940000004964531E-4 1328 19
0.0012199999991935329 1746 38
0.0017090000001189765 174 0
0.001098999999157968 814 13
0.001343000000815664 924 9
0.0011589999994612299 870 24
0.0010990000000674627 3311 80
0.0013419999995676335 856 23
9.76999999693362E-4 1886 44
0.0012810000007448252 911 23
8.54000000799715E-4 2897 64
0.020507999999608728 16507 11
0.001036999999996624 1286 29
0.001831000000493077 6935 169
6.710000006933114E-4 5803 131
7.939999995869584E-4 875 22
5.499999997482519E-4 2903 69
7.930000001579174E-4 925 17
7.930000001579174E-4 3928 104
0.0012199999991935329 20925 18
0.0012820000001738663 836 18
0.001097999999728927 1925 43
0.0014650000002802699 963 23
0.0014039999996384722 2917 64
0.0015869999997448758 1898 46
0.0010380000003351597 3933 97
0.0014029999992999365 848 21
0.0014650000002802699 950 18
0.0014650000002802699 16920 21
0.0014039999996384722 766 14
0.001097999999728927 1856 54
0.001343000000815664 2935 86
0.0012809999998353305 955 27
0.0015869999997448758 976 26
0.001343000000815664 1865 45
0.0056150000000343425 5654 36
3.660000002128072E-4 3185 94
0.01843300000018644 16771 12
0.0011599999997997656 1002 27
9.76000000264321E-4 882 21
9.76000000264321E-4 2935 83
9.159999999610591E-4 1920 50
6.100000000515138E-4 1443 35
7.329999998546555E-4 1926 60
7.330000007641502E-4 1848 47
7.329999998546555E-4 1957 49
0.0010990000000674627 1931 57
9.76000000264321E-4 953 17
0.0010380000003351597 3912 105
8.539999998902204E-4 1954 47
8.550000002287561E-4 926 27
6.110000003900495E-4 1977 48
4.890000000159489E-4 2947 77
6.100000000515138E-4 906 26
0.02758799999992334 24673 15
7.939999995869584E-4 3223 100
7.930000001579174E-4 2945 88
9.76999999693362E-4 1956 58
8.539999998902204E-4 2926 91
9.159999999610591E-4 2987 91
4.8799999967741314E-4 3915 118
4.8800000058690784E-4 956 24
0.0012809999998353305 2895 76
0.0015260000000125729 927 27
0.0015260000000125729 919 15
0.0012209999995320686 3367 65
0.001404000000547967 892 16
6.110000003900495E-4 3964 104
7.930000001579174E-4 880 26
0.001036999999996624 1972 49
0.0013429999999061693 897 26
9.76000000264321E-4 1956 49
0.0013429999999061693 3964 107
8.539999998902204E-4 5939 156
7.939999995869584E-4 985 30
6.709999997838167E-4 958 18
6.710000006933114E-4 2926 80
0.001097999999728927 2668 35
9.76999999693362E-4 228 4
7.940000004964531E-4 978 29
0.0012209999995320686 26937 70
0.0017700000007607741 3853 57
0.0017090000001189765 1818 26
0.0015869999997448758 878 11
9.770000006028567E-4 2884 44
0.0013419999995676335 825 10
5.489999994097161E-4 13896 31
7.319999995161197E-4 2926 44
9.159999999610591E-4 2886 44
0.0016479999994771788 1919 30
0.006529999999656866 6549 38
0.001036999999996624 2222 31
0.0010380000003351597 835 12
0.0011599999997997656 929 13
0.006653000000369502 7630 19
0.0014649999993707752 320 4
9.15000000532018E-4 909 12
0.001037999999425665 941 15
9.159999999610591E-4 940 11
9.76999999693362E-4 1962 30
0.0010990000000674627 905 12
0.001036999999996624 982 15
0.0012809999998353305 1877 25
0.01532000000042899 10586 0
9.770000006028567E-4 3249 49
9.159999999610591E-4 1915 28
9.76000000264321E-4 4002 60
0.01373299999977462 14552 42
0.0014039999996384722 1210 19
0.0012820000001738663 3926 53
0.0010990000000674627 1870 31
9.159999999610591E-4 939 9
0.001097999999728927 955 15
0.016296999999212858 14509 39
0.0017699999998512794 1156 8
0.001404000000547967 10900 166
0.012511999999333057 11541 0
0.0017700000007607741 160 1
0.0014649999993707752 2947 45
0.001952999999957683 1918 28
0.0017699999998512794 3854 54
0.0017090000001189765 882 12
0.0016480000003866735 1998 29
0.0010990000000674627 7901 69
0.020201999999699183 19606 13
0.0013429999999061693 1197 31
9.759999993548263E-4 888 16
0.0011600000007092603 884 26
0.001037999999425665 966 18
9.159999999610591E-4 1916 47
0.0012820000001738663 936 28
0.0012210000004415633 1932 46
0.0011599999997997656 1915 46
0.0012209999995320686 968 16
0.001036999999996624 3928 96
0.0012209999995320686 2847 75
0.0012209999995320686 1888 46
9.76999999693362E-4 2958 66
0.0012200000001030276 879 26
0.0010990000000674627 937 18
0.0011599999997997656 153 1
0.0012820000001738663 955 26
0.0012210000004415633 1891 49
0.001037999999425665 950 17
0.0011590000003707246 919 27
0.001037999999425665 982 18
0.0012210000004415633 908 27
0.017455999999583582 16549 9
0.0014029999992999365 5337 141
7.320000004256144E-4 3928 107
4.890000000159489E-4 1924 47
5.490000003192108E-4 907 16
4.2799999937415123E-4 2004 52
6.100000000515138E-4 865 27
9.159999999610591E-4 1946 52
0.0012200000001030276 962 21
0.001037999999425665 1261 37
6.100000000515138E-4 2911 69
6.100000000515138E-4 2916 80
6.100000000515138E-4 1956 55
6.100000000515138E-4 975 19
5.499999997482519E-4 915 29
8.550000002287561E-4 1998 52
7.930000001579174E-4 935 18
9.149999996225233E-4 954 27
6.710000006933114E-4 24937 18
9.76999999693362E-4 877 27
0.001097999999728927 74 0
9.159999999610591E-4 878 24
8.539999998902204E-4 276 5
4.8800000058690784E-4 1936 45
5.489999994097161E-4 962 26
6.110000003900495E-4 917 15
7.329999998546555E-4 1985 45
8.54000000799715E-4 920 23
9.159999999610591E-4 941 15
4.890000000159489E-4 1917 44
5.489999994097161E-4 2006 45
5.489999994097161E-4 1879 43
6.100000000515138E-4 952 21
7.329999998546555E-4 14957 73
0.001036999999996624 864 28
6.720000001223525E-4 2918 51
7.940000004964531E-4 1882 36
9.149999996225233E-4 939 23
7.329999998546555E-4 884 13
7.329999998546555E-4 5346 137
9.759999993548263E-4 833 27
9.149999996225233E-4 7923 201
8.539999998902204E-4 1896 44
8.549999993192614E-4 889 17
9.15000000532018E-4 961 29
0.001037999999425665 978 17
4.8800000058690784E-4 2906 77
5.490000003192108E-4 1908 48
6.709999997838167E-4 992 19
7.329999998546555E-4 958 30
6.100000000515138E-4 1958 48
5.490000003192108E-4 1922 52
6.709999997838167E-4 961 16
7.329999998546555E-4 3936 95
9.149999996225233E-4 945 29
9.159999999610591E-4 4939 118
9.159999999610591E-4 1927 43
9.149999996225233E-4 937 28
7.930000001579174E-4 1886 45
5.499999997482519E-4 2972 66
6.110000003900495E-4 2944 79
5.489999994097161E-4 977 18
0.0021360000000640866 5599 39
7.329999998546555E-4 289 6
8.539999998902204E-4 938 27
6.709999997838167E-4 1967 47
9.159999999610591E-4 1949 48
0.0012820000001738663 14983 64
0.001036999999996624 1886 45
0.0012820000001738663 898 25
8.549999993192614E-4 5957 143
0.013122999999723106 18540 63
9.76000000264321E-4 2294 62
0.0010380000003351597 953 19
6.100000000515138E-4 3972 102
7.329999998546555E-4 882 27
0.002562999999099702 7581 94
9.160000008705538E-4 269 7
6.099999991420191E-4 945 20
6.100000000515138E-4 2011 48
9.159999999610591E-4 913 26
8.54000000799715E-4 2955 65
0.001037999999425665 904 26
6.100000000515138E-4 955 17
0.001097999999728927 4973 124
9.149999996225233E-4 1897 38
6.100000000515138E-4 3893 92
6.110000003900495E-4 1963 50
4.8799999967741314E-4 951 18
6.100000000515138E-4 902 26
4.8800000058690784E-4 1950 45
5.499999997482519E-4 5962 142
0.0012200000001030276 1019 28
0.0012209999995320686 1851 41
0.0013420000004771282 933 23
8.550000002287561E-4 2960 76
0.0038449999992735684 7144 35
0.0011600000007092603 632 16
0.0010990000000674627 1931 46
8.550000002287561E-4 862 16
0.001036999999996624 2962 80
7.940000004964531E-4 945 24
7.329999998546555E-4 1948 50
0.001036999999996624 914 28
0.0010380000003351597 955 21
7.930000001579174E-4 940 30
0.001098999999157968 167 2
0.0014649999993707752 862 22
0.0010990000000674627 878 21
0.0012209999995320686 1771 45
7.329999998546555E-4 3959 101
4.890000000159489E-4 606 10
4.8799999967741314E-4 1575 36
6.110000003900495E-4 971 25
6.100000000515138E-4 1935 46
6.720000001223525E-4 976 19
0.0011589999994612299 934 28
0.0015260000000125729 1961 49
0.0013429999999061693 985 20
0.001097999999728927 4922 126
0.0011599999997997656 961 17
9.76000000264321E-4 984 28
9.770000006028567E-4 948 17
9.149999996225233E-4 990 28
7.930000001579174E-4 1944 41
9.159999999610591E-4 991 28
9.76999999693362E-4 23984 53
9.76000000264321E-4 887 22
0.0012820000001738663 1951 49
0.001036999999996624 914 15
0.0012210000004415633 947 23
0.001036999999996624 4975 107
0.0012820000001738663 867 26
0.001037999999425665 979 18
0.0012810000007448252 899 26
0.001037999999425665 974 18
0.0012210000004415633 978 29
9.149999996225233E-4 930 17
0.0015869999997448758 11988 33
0.00189200000022538 902 25
0.0014650000002802699 914 16
0.00189200000022538 964 28
0.0018309999995835824 1942 44
0.0016480000003866735 941 22
0.020446999999876425 22597 15
0.0012209999995320686 185 1
0.001037999999425665 2952 41
0.0010980000006384216 935 12
9.76999999693362E-4 1002 13
9.76000000264321E-4 944 12
0.0010380000003351597 3946 52
8.550000002287561E-4 5893 31
7.929999992484227E-4 882 14
6.709999997838167E-4 2929 35
8.539999998902204E-4 15890 58
0.001037999999425665 883 14
7.930000001579174E-4 953 9
9.770000006028567E-4 958 15
9.149999996225233E-4 959 9
4.8799999967741314E-4 15965 58
4.890000000159489E-4 948 15
4.270000008546049E-4 937 9
4.269999999451102E-4 975 15
4.269999999451102E-4 939 9
4.890000000159489E-4 1002 16
5.489999994097161E-4 1938 25
8.550000002287561E-4 1000 10
0.02087400000073103 15510 51
0.0011599999997997656 406 4
3.660000002128072E-4 2936 43
3.6699999964184826E-4 2949 37
3.660000002128072E-4 2975 43
0.007690000000366126 10779 36
0.0016480000003866735 1103 17
0.0012210000004415633 920 9
0.001524999999674037 975 16
9.159999999610591E-4 929 9
0.0012820000001738663 963 16
0.001097999999728927 1004 11
9.770000006028567E-4 1951 27
9.759999993548263E-4 956 16
6.110000003900495E-4 1006 10
6.110000003900495E-4 5952 28
5.490000003192108E-4 1938 27
6.709999997838167E-4 1995 29
0.008423000000220782 11628 22
8.550000002287561E-4 2243 28
8.539999998902204E-4 951 14
6.099999991420191E-4 4928 58
0.002502000000276894 7639 49
7.930000001579174E-4 1178 15
7.320000004256144E-4 1964 25
6.709999997838167E-4 920 9
8.539999998902204E-4 7944 15
0.0011599999997997656 1967 27
0.0011589999994612299 1901 26
9.15000000532018E-4 1920 26
7.939999995869584E-4 972 16
7.929999992484227E-4 1955 29
7.320000004256144E-4 942 12
3.660000002128072E-4 4951 79
4.8799999967741314E-4 1916 28
4.269999999451102E-4 965 11
4.269999999451102E-4 950 18
0.002747000000454136 6354 6
0.004149999999754073 7405 27
0.0010990000000674627 125 0
7.320000004256144E-4 960 8
6.110000003900495E-4 3929 46
6.709999997838167E-4 938 12
0.005188000000089232 12647 18
7.940000004964531E-4 205 1
6.100000000515138E-4 956 16
4.269999999451102E-4 1007 10
5.489999994097161E-4 1961 26
6.109999994805548E-4 1978 23
7.329999998546555E-4 4955 62
0.001097999999728927 4891 9
4.8800000058690784E-4 1934 27
9.76999999693362E-4 958 11
0.0015869999997448758 4363 31
9.159999999610591E-4 4479 45
0.004272000000128173 11573 48
0.001036999999996624 1237 16
7.329999998546555E-4 950 10
7.319999995161197E-4 1970 30
0.0010380000003351597 2934 42
7.319999995161197E-4 965 9
6.100000000515138E-4 3970 15
6.110000003900495E-4 10000 91
5.490000003192108E-4 900 14
9.759999993548263E-4 13945 37
9.159999999610591E-4 913 8
6.100000000515138E-4 2973 41
5.490000003192108E-4 2932 34
6.100000000515138E-4 1941 24
6.110000003900495E-4 11930 54
3.659999993033125E-4 3885 20
4.8799999967741314E-4 4907 8
5.490000003192108E-4 845 11
4.269999999451102E-4 2948 32
4.8800000058690784E-4 8967 42
6.100000000515138E-4 963 10
3.659999993033125E-4 914 14
3.6700000055134296E-4 984 9
6.100000000515138E-4 1006 15
4.269999999451102E-4 983 9
3.660000002128072E-4 922 14
4.269999999451102E-4 11059 49
4.8800000058690784E-4 922 15
4.890000000159489E-4 987 10
4.8799999967741314E-4 1973 27
4.8800000058690784E-4 1964 27
4.269999999451102E-4 1937 27
4.269999999451102E-4 2597 26
6.110000003900495E-4 12397 20
4.8799999967741314E-4 900 9
5.490000003192108E-4 3011 44
4.890000000159489E-4 1985 26
4.269999999451102E-4 947 9
4.8799999967741314E-4 959 14
4.890000000159489E-4 1973 27
4.269999999451102E-4 928 9
5.490000003192108E-4 987 15
6.100000000515138E-4 13998 36
5.490000003192108E-4 991 9
5.490000003192108E-4 1930 24
4.8799999967741314E-4 949 14
5.500000006577466E-4 991 9
6.099999991420191E-4 920 14
5.499999997482519E-4 1986 25
0.006957999999940512 13621 24
6.110000003900495E-4 1322 19
5.490000003192108E-4 1942 23
5.490000003192108E-4 3921 51
4.890000000159489E-4 2988 34
0.001952999999957683 5552 24
6.100000000515138E-4 1298 18
5.500000006577466E-4 1986 27
6.099999991420191E-4 996 9
6.100000000515138E-4 921 14
4.890000000159489E-4 13993 47
4.8799999967741314E-4 980 9
4.269999999451102E-4 930 14
5.499999997482519E-4 967 9
4.8799999967741314E-4 1988 25
3.660000002128072E-4 1933 25
4.269999999451102E-4 964 15
0.0017090000001189765 4546 7
5.489999994097161E-4 369 4
4.8799999967741314E-4 2002 25
5.490000003192108E-4 1011 15
4.890000000159489E-4 950 8
6.100000000515138E-4 4978 35
6.709999997838167E-4 1973 26
0.0037229999998089625 8505 9
4.8799999967741314E-4 2392 31
5.490000003192108E-4 1962 25
4.890000000159489E-4 2005 27
4.8800000058690784E-4 5997 67
0.0018309999995835824 3512 11
6.110000003900495E-4 410 3
6.100000000515138E-4 904 13
5.499999997482519E-4 1020 11
0.002379999999902793 5559 22
6.109999994805548E-4 387 3
5.490000003192108E-4 979 14
5.490000003192108E-4 957 11
6.720000001223525E-4 987 15
9.76999999693362E-4 4555 31
4.269999999451102E-4 439 6
3.659999993033125E-4 3560 39
4.269999999451102E-4 338 5
0.0010380000003351597 3592 9
4.269999999451102E-4 2458 35
0.006714000000101805 13536 23
4.8799999967741314E-4 1321 15
5.499999997482519E-4 2021 28
4.269999999451102E-4 1948 25
4.269999999451102E-4 1978 25
5.499999997482519E-4 1959 24
5.489999994097161E-4 908 14
4.270000008546049E-4 951 9
0.005309999999553838 12519 12
4.890000000159489E-4 3436 43
5.490000003192108E-4 3973 51
6.709999997838167E-4 1951 24
6.709999997838167E-4 972 15
4.890000000159489E-4 974 9
4.8799999967741314E-4 12939 19
6.709999997838167E-4 377 5
6.109999994805548E-4 1977 26
4.890000000159489E-4 2962 34
4.8799999967741314E-4 917 14
5.499999997482519E-4 2011 25
5.490000003192108E-4 1940 26
4.8799999967741314E-4 978 9
6.720000001223525E-4 12970 21
5.490000003192108E-4 984 9
0.0010980000006384216 1962 24
6.709999997838167E-4 1997 24
7.329999998546555E-4 917 14
8.539999998902204E-4 986 9
0.0010990000000674627 1018 15
9.76000000264321E-4 879 8
9.159999999610591E-4 893 14
0.0021369999994931277 5557 23
7.930000001579174E-4 424 6
4.269999999451102E-4 2960 36
5.490000003192108E-4 988 15
4.269999999451102E-4 3987 23
3.660000002128072E-4 961 10
4.890000000159489E-4 982 15
0.0021360000000640866 5594 8
5.489999994097161E-4 388 5
5.499999997482519E-4 1950 25
6.100000000515138E-4 989 9
6.100000000515138E-4 1575 20
5.489999994097161E-4 912 15
4.2799999937415123E-4 10979 33
4.269999999451102E-4 1955 25
4.890000000159489E-4 924 14
4.269999999451102E-4 1045 10
4.269999999451102E-4 906 14
0.0065919999997277046 17610 73
7.940000004964531E-4 358 5
6.709999997838167E-4 967 11
6.099999991420191E-4 6974 102
4.2800000028364593E-4 977 9
5.490000003192108E-4 1008 15
0.005188000000089232 13512 25
8.549999993192614E-4 361 5
6.710000006933114E-4 1004 10
8.549999993192614E-4 963 16
6.720000001223525E-4 1981 26
6.100000000515138E-4 1952 27
5.489999994097161E-4 5001 66
7.930000001579174E-4 996 13
0.006226000000424392 11502 2
6.100000000515138E-4 370 5
5.489999994097161E-4 2002 27
4.8800000058690784E-4 1941 23
4.269999999451102E-4 1983 27
4.269999999451102E-4 977 9
5.490000003192108E-4 3001 39
4.890000000159489E-4 980 8
6.720000001223525E-4 6898 49
6.110000003900495E-4 2990 42
0.003845000000183063 6559 7
6.110000003900495E-4 1429 20
6.100000000515138E-4 1907 27
9.159999999610591E-4 4014 53
5.490000003192108E-4 978 9
0.008849999999256397 11607 14
8.539999998902204E-4 1278 18
9.159999999610591E-4 1013 15
5.490000003192108E-4 2951 37
5.490000003192108E-4 1957 26
5.499999997482519E-4 2005 26
7.320000004256144E-4 911 14
7.930000001579174E-4 14999 44
7.319999995161197E-4 1956 27
7.930000001579174E-4 3990 55
6.709999997838167E-4 1931 24
9.160000008705538E-4 2970 42
0.006102999999711756 9808 4
7.329999998546555E-4 124 1
5.490000003192108E-4 960 11
5.490000003192108E-4 3994 50
3.660000002128072E-4 1935 24
4.890000000159489E-4 2036 25
7.940000004964531E-4 8930 49
6.720000001223525E-4 1941 29
6.100000000515138E-4 965 12
5.499999997482519E-4 2009 26
0.0012820000001738663 7968 43
0.0014030000002094312 2919 37
0.001037999999425665 945 12
7.320000004256144E-4 939 13
0.004883000000518223 9588 20
4.269999999451102E-4 3392 45
6.109999994805548E-4 1956 25
0.0012209999995320686 5009 69
9.76000000264321E-4 1943 24
6.709999997838167E-4 13947 38
4.890000000159489E-4 948 9
6.710000006933114E-4 991 15
5.490000003192108E-4 2932 37
6.100000000515138E-4 3038 42
6.720000001223525E-4 1950 24
7.329999998546555E-4 4972 19
7.320000004256144E-4 965 15
7.319999995161197E-4 1962 25
0.007324000000153319 11521 8
6.720000001223525E-4 420 6
5.490000003192108E-4 983 9
8.539999998902204E-4 2957 40
8.539999998902204E-4 1950 25
6.709999997838167E-4 980 9
8.550000002287561E-4 977 13
6.710000006933114E-4 2965 37
0.0023199999995995313 4567 13
5.490000003192108E-4 413 5
4.2800000028364593E-4 2948 38
6.709999997838167E-4 997 15
0.007508000000598258 11551 11
6.109999994805548E-4 1420 15
6.709999997838167E-4 929 14
6.100000000515138E-4 956 10
6.110000003900495E-4 948 14
6.709999997838167E-4 4035 52
7.329999998546555E-4 1964 25
6.709999997838167E-4 6958 39
6.100000000515138E-4 1989 25
0.004149999999754073 8546 28
7.329999998546555E-4 357 5
6.709999997838167E-4 987 9
7.939999995869584E-4 1959 26
7.320000004256144E-4 998 15
5.499999997482519E-4 945 9
6.709999997838167E-4 981 15
4.8800000058690784E-4 984 9
6.720000001223525E-4 991 15
5.489999994097161E-4 994 10
9.159999999610591E-4 14920 54
0.0010380000003351597 1942 25
9.149999996225233E-4 986 9
9.159999999610591E-4 925 14
9.149999996225233E-4 961 10
7.940000004964531E-4 2988 42
7.930000001579174E-4 1937 25
7.940000004964531E-4 1013 10
4.8799999967741314E-4 13003 16
4.269999999451102E-4 895 12
3.6700000055134296E-4 973 12
5.490000003192108E-4 3011 42
4.890000000159489E-4 973 9
4.8799999967741314E-4 1960 26
4.890000000159489E-4 957 15
4.8799999967741314E-4 977 9
0.005492999999660242 9568 25
9.770000006028567E-4 395 9
0.0010990000000674627 971 32
8.539999998902204E-4 968 19
0.0010990000000674627 994 32
6.709999997838167E-4 986 20
4.8799999967741314E-4 941 30
5.499999997482519E-4 1001 19
0.001037999999425665 22974 176
9.76999999693362E-4 1927 45
8.539999998902204E-4 993 20
8.539999998902204E-4 3994 99
9.159999999610591E-4 2934 76
6.709999997838167E-4 1010 18
6.100000000515138E-4 915 26
6.100000000515138E-4 2018 49
8.539999998902204E-4 3950 93
0.0012210000004415633 25944 43
0.001037999999425665 958 18
6.709999997838167E-4 3981 102
9.759999993548263E-4 5969 148
0.0010990000000674627 3901 94
0.0014649999993707752 933 27
9.15000000532018E-4 927 17
0.001952999999957683 3001 74
0.0015260000000125729 1881 42
0.0011599999997997656 3937 92
0.0011590000003707246 1916 46
0.0010990000000674627 990 17
0.001097999999728927 952 27
9.76999999693362E-4 947 16
0.0011600000007092603 996 29
0.0011589999994612299 925 17
0.0013429999999061693 957 27
9.76000000264321E-4 2039 50
6.109999994805548E-4 954 18
6.710000006933114E-4 941 25
6.110000003900495E-4 1974 47
9.160000008705538E-4 1995 52
7.319999995161197E-4 2943 81
9.15000000532018E-4 1970 52
6.720000001223525E-4 946 18
8.539999998902204E-4 986 27
9.149999996225233E-4 1960 45
8.550000002287561E-4 977 17
0.001036999999996624 937 26
9.159999999610591E-4 997 17
9.159999999610591E-4 2953 73
7.930000001579174E-4 918 18
0.0011599999997997656 995 28
7.930000001579174E-4 930 17
7.319999995161197E-4 1990 47
6.100000000515138E-4 1966 43
5.499999997482519E-4 1980 51
6.100000000515138E-4 995 29
4.890000000159489E-4 1951 50
3.0499999957100954E-4 972 19
5.490000003192108E-4 991 30
4.890000000159489E-4 1961 49
4.8800000058690784E-4 1010 23
5.489999994097161E-4 945 23
4.8799999967741314E-4 3023 73
6.720000001223525E-4 960 28
8.539999998902204E-4 2972 69
0.0010380000003351597 930 26
9.76000000264321E-4 1003 20
9.159999999610591E-4 942 27
9.76999999693362E-4 1984 43
7.930000001579174E-4 963 17
6.719999992128578E-4 2937 76
3.0499999957100954E-4 2989 70
6.720000001223525E-4 1004 28
7.319999995161197E-4 1926 53
5.499999997482519E-4 1029 21
6.709999997838167E-4 3955 103
7.329999998546555E-4 2990 80
6.709999997838167E-4 962 18
7.930000001579174E-4 1011 30
7.329999998546555E-4 946 20
7.329999998546555E-4 3973 105
9.149999996225233E-4 2961 77
7.320000004256144E-4 1971 51
0.008240000000114378 13642 36
7.939999995869584E-4 296 9
7.319999995161197E-4 1969 54
6.100000000515138E-4 3953 105
5.489999994097161E-4 988 21
9.159999999610591E-4 3007 86
7.320000004256144E-4 929 18
7.929999992484227E-4 4012 105
0.006775000000743603 8523 14
7.929999992484227E-4 372 11
6.110000003900495E-4 957 20
7.320000004256144E-4 2985 84
7.329999998546555E-4 1981 53
6.709999997838167E-4 1011 23
5.490000003192108E-4 1956 51
7.940000004964531E-4 2418 69
6.709999997838167E-4 939 18
7.320000004256144E-4 932 29
7.319999995161197E-4 1995 54
6.720000001223525E-4 1002 21
9.149999996225233E-4 961 30
9.159999999610591E-4 986 20
7.940000004964531E-4 1992 51
0.0012820000001738663 4950 31
0.0014039999996384722 7918 196
0.008362000000488479 8243 13
6.110000003900495E-4 1610 42
4.890000000159489E-4 5968 155
0.0011599999997997656 5931 151
9.149999996225233E-4 1000 19
0.0015260000000125729 4983 130
0.0010980000006384216 938 18
0.0013429999999061693 1006 30
0.0010990000000674627 937 21
0.0011589999994612299 1013 31
6.720000001223525E-4 983 19
7.320000004256144E-4 946 29
7.930000001579174E-4 2984 66
8.550000002287561E-4 1960 50
8.539999998902204E-4 2939 78
7.939999995869584E-4 969 21
7.939999995869584E-4 2028 50
7.320000004256144E-4 1948 52
0.0014650000002802699 2961 73
0.0010990000000674627 929 19
0.0014639999999417341 982 31
9.159999999610591E-4 967 19
0.0011599999997997656 1004 32
6.709999997838167E-4 5949 154
5.499999997482519E-4 980 19
5.490000003192108E-4 953 29
5.499999997482519E-4 1997 49
7.930000001579174E-4 981 19
8.550000002287561E-4 1000 31
0.0011599999997997656 2961 71
0.0014649999993707752 987 29
0.0014039999996384722 4971 121
0.0016480000003866735 896 23
0.0013420000004771282 970 19
0.0016479999994771788 997 31
0.0012210000004415633 928 18
0.0014039999996384722 1009 31
0.0012820000001738663 1922 49
0.001098999999157968 978 20
0.0014650000002802699 1970 50
0.001524999999674037 981 30
6.100000000515138E-4 7981 205
5.500000006577466E-4 897 21
6.709999997838167E-4 1028 31
0.0015870000006543705 11947 95
0.0011589999994612299 1913 50
0.0012820000001738663 1884 46
9.159999999610591E-4 4964 120
0.0013429999999061693 935 29
0.02539100000012695 25565 34
0.0011590000003707246 3313 91
9.76999999693362E-4 956 18
0.0011589999994612299 948 29
9.770000006028567E-4 997 20
9.149999996225233E-4 1963 50
0.001036999999996624 1962 50
0.0011599999997997656 1010 30
0.01916499999970256 20551 10
6.710000006933114E-4 11347 291
9.159999999610591E-4 1955 47
0.0010990000000674627 18953 66
0.0010990000000674627 1945 54
9.759999993548263E-4 981 23
0.0010990000000674627 2971 81
9.76000000264321E-4 5969 156
8.549999993192614E-4 975 19
0.01843300000018644 18582 67
8.550000002287561E-4 1334 30
9.159999999610591E-4 4991 122
7.329999998546555E-4 1946 50
5.490000003192108E-4 995 26
3.660000002128072E-4 986 25
3.659999993033125E-4 946 24
0.0011599999997997656 9988 53
7.320000004256144E-4 956 17
0.0011599999997997656 2973 71
9.76999999693362E-4 1930 45
0.0032959999998638523 4660 9
6.710000006933114E-4 3215 85
0.0027469999995446415 4580 12
6.720000001223525E-4 1336 38
7.319999995161197E-4 1025 19
5.490000003192108E-4 946 22
8.539999998902204E-4 5983 43
0.0010380000003351597 947 24
9.770000006028567E-4 3944 86
7.930000001579174E-4 978 16
9.159999999610591E-4 1986 43
0.0010980000006384216 940 25
9.759999993548263E-4 1964 44
7.330000007641502E-4 2946 71
0.0010980000006384216 26982 71
0.0012200000001030276 1921 39
8.550000002287561E-4 900 14
7.319999995161197E-4 3975 86
0.001037999999425665 2960 70
6.710000006933114E-4 916 17
9.76999999693362E-4 997 30
9.159999999610591E-4 1962 49
6.709999997838167E-4 949 18
8.550000002287561E-4 984 28
6.709999997838167E-4 1000 23
0.01385500000014872 16607 15
0.0010990000000674627 313 6
7.939999995869584E-4 5974 149
9.15000000532018E-4 924 28
9.149999996225233E-4 2024 51
9.149999996225233E-4 1972 49
7.939999995869584E-4 1028 19
8.54000000799715E-4 921 28
7.319999995161197E-4 1003 19
8.550000002287561E-4 925 28
0.01385500000014872 16597 11
0.0011599999997997656 16371 108
9.15000000532018E-4 917 17
0.0012209999995320686 4988 116
9.76999999693362E-4 2941 61
0.0012210000004415633 964 26
9.149999996225233E-4 904 16
8.539999998902204E-4 2034 49
0.0010380000003351597 927 29
8.539999998902204E-4 1016 21
7.319999995161197E-4 20992 130
6.100000000515138E-4 1927 43
7.930000001579174E-4 1001 27
6.720000001223525E-4 2992 61
7.320000004256144E-4 1932 44
0.0010380000003351597 988 31
9.159999999610591E-4 1024 20
9.15000000532018E-4 2940 80
8.549999993192614E-4 992 19
0.017945000000509026 21610 40
6.709999997838167E-4 1294 35
6.100000000515138E-4 926 15
6.110000003900495E-4 1002 25
9.759999993548263E-4 4970 98
8.539999998902204E-4 1985 44
0.001037999999425665 980 26
9.15000000532018E-4 952 17
0.001037999999425665 980 26
0.0010380000003351597 3972 91
0.001036999999996624 1964 44
6.709999997838167E-4 1953 42
6.709999997838167E-4 1013 15
6.720000001223525E-4 981 24
0.009520999999949709 13587 7
0.0012210000004415633 1297 31
0.001037999999425665 970 21
0.003845000000183063 4649 13
8.549999993192614E-4 1341 35
9.15000000532018E-4 989 28
8.550000002287561E-4 969 18
8.539999998902204E-4 945 27
7.939999995869584E-4 1010 18
9.15000000532018E-4 943 28
9.149999996225233E-4 2029 49
5.499999997482519E-4 962 18
7.320000004256144E-4 978 29
7.329999998546555E-4 1980 46
7.930000001579174E-4 981 18
8.550000002287561E-4 949 25
7.319999995161197E-4 990 18
6.720000001223525E-4 26010 51
6.720000001223525E-4 4968 111
6.709999997838167E-4 3963 89
9.770000006028567E-4 3942 98
0.0012809999998353305 981 29
0.016724000000067463 16542 9
6.709999997838167E-4 1392 37
7.930000001579174E-4 2978 65
9.15000000532018E-4 2005 48
0.0010380000003351597 1978 48
0.0011590000003707246 980 27
0.001097999999728927 1924 46
9.159999999610591E-4 13997 81
0.001037999999425665 1956 46
8.539999998902204E-4 938 18
0.0010990000000674627 992 29
9.159999999610591E-4 2953 69
8.550000002287561E-4 2020 52
8.539999998902204E-4 973 18
9.159999999610591E-4 989 27
6.710000006933114E-4 4997 117
7.329999998546555E-4 937 27
6.709999997838167E-4 1025 18
0.022582999999940512 28659 13
9.159999999610591E-4 239 5
7.320000004256144E-4 961 24
9.159999999610591E-4 3961 100
7.930000001579174E-4 983 15
0.0010380000003351597 927 22
9.76000000264321E-4 980 16
0.0011590000003707246 3003 64
9.15000000532018E-4 1684 33
9.159999999610591E-4 1920 40
0.001097999999728927 954 24
7.929999992484227E-4 3926 90
7.330000007641502E-4 987 19
7.929999992484227E-4 938 26
9.76999999693362E-4 2016 56
0.02069099999971513 22678 66
0.0010380000003351597 217 3
8.539999998902204E-4 3009 77
7.930000001579174E-4 950 19
8.550000002287561E-4 956 28
0.001037999999425665 1013 18
9.759999993548263E-4 2987 76
8.550000002287561E-4 941 17
0.0010380000003351597 1009 27
0.001036999999996624 17940 44
9.76999999693362E-4 921 14
0.001036999999996624 943 22
8.549999993192614E-4 8974 196
6.719999992128578E-4 1942 47
8.54000000799715E-4 984 26
8.539999998902204E-4 3318 74
9.76999999693362E-4 969 16
9.159999999610591E-4 1926 39
0.001036999999996624 995 27
7.939999995869584E-4 968 16
9.76000000264321E-4 999 24
7.929999992484227E-4 1959 48
7.330000007641502E-4 980 22
8.539999998902204E-4 975 28
0.0011599999997997656 8995 16
0.0013429999999061693 2923 77
6.110000003900495E-4 18948 273
8.550000002287561E-4 1952 51
0.0012200000001030276 4957 128
0.01122999999915919 14596 58
7.330000007641502E-4 338 6
6.709999997838167E-4 935 28
4.269999999451102E-4 990 18
3.660000002128072E-4 1004 24
3.6699999964184826E-4 943 24
3.660000002128072E-4 2015 50
3.659999993033125E-4 979 17
5.500000006577466E-4 934 24
7.319999995161197E-4 1024 25
0.001037999999425665 5973 152
0.01751700000022538 20518 13
7.930000001579174E-4 368 10
7.939999995869584E-4 4981 116
0.0010380000003351597 3000 78
8.549999993192614E-4 1929 46
7.319999995161197E-4 7006 170
7.329999998546555E-4 946 29
0.01855500000056054 25675 36
0.0012209999995320686 288 8
0.0012210000004415633 1949 50
0.0011589999994612299 936 23
0.0011599999997997656 984 26
9.15000000532018E-4 1986 53
9.149999996225233E-4 2009 48
9.149999996225233E-4 1985 48
5.500000006577466E-4 3954 97
5.489999994097161E-4 997 20
0.001097999999728927 13956 44
9.76999999693362E-4 3910 95
0.0012820000001738663 988 28
0.001036999999996624 968 19
0.0012810000007448252 2955 75
9.76999999693362E-4 969 20
0.001097999999728927 979 28
8.550000002287561E-4 983 18
0.008667000000059488 14571 62
0.001037999999425665 336 9
7.930000001579174E-4 995 19
8.539999998902204E-4 2934 81
9.159999999610591E-4 980 18
9.159999999610591E-4 1964 50
0.0010990000000674627 996 29
8.54000000799715E-4 928 17
9.15000000532018E-4 2029 50
0.0010380000003351597 2934 75
9.149999996225233E-4 994 19
0.0013419999995676335 16955 20
9.770000006028567E-4 904 18
7.929999992484227E-4 2963 78
8.550000002287561E-4 1003 19
4.8799999967741314E-4 19004 78
5.489999994097161E-4 1886 47
6.110000003900495E-4 1985 47
5.489999994097161E-4 993 19
6.110000003900495E-4 971 29
6.109999994805548E-4 2966 68
8.539999998902204E-4 976 29
0.014038000000255124 21666 133
0.0010380000003351597 4238 111
7.320000004256144E-4 2969 68
9.76999999693362E-4 956 26
0.0014039999996384722 1955 49
6.100000000515138E-4 1331 30
5.489999994097161E-4 2020 50
8.539999998902204E-4 955 29
5.500000006577466E-4 940 18
7.940000004964531E-4 1998 51
9.149999996225233E-4 24968 25
9.159999999610591E-4 939 21
9.15000000532018E-4 959 27
0.0013429999999061693 3966 96
0.0014650000002802699 2909 67
0.0014650000002802699 943 28
0.0011599999997997656 993 18
0.001097999999728927 927 26
6.709999997838167E-4 2978 67
0.0010380000003351597 983 23
8.549999993192614E-4 975 22
9.159999999610591E-4 4972 127
9.159999999610591E-4 1957 44
8.539999998902204E-4 1002 19
0.0010380000003351597 952 28
8.549999993192614E-4 984 19
0.0012809999998353305 999 29
9.770000006028567E-4 942 17
9.770000006028567E-4 3968 96
0.0011589999994612299 965 27
0.0012200000001030276 2917 65
0.0014650000002802699 947 26
8.539999998902204E-4 2950 68
8.550000002287561E-4 1001 25
7.930000001579174E-4 942 24
9.159999999610591E-4 993 21
5.500000006577466E-4 2974 79
9.76999999693362E-4 9956 244
0.0010380000003351597 1964 48
0.001036999999996624 955 17
0.0015260000000125729 984 28
0.0011599999997997656 941 17
9.159999999610591E-4 3984 96
0.0011599999997997656 1963 41
9.15000000532018E-4 984 28
7.939999995869584E-4 962 17
7.329999998546555E-4 5971 148
7.329999998546555E-4 2956 79
0.0010380000003351597 4027 96
9.149999996225233E-4 952 17
0.0011600000007092603 1001 28
0.0011589999994612299 974 21
0.0012820000001738663 967 28
0.0010990000000674627 984 18
0.0014039999996384722 948 28
9.159999999610591E-4 2967 69
9.15000000532018E-4 2969 78
7.939999995869584E-4 985 18
9.770000006028567E-4 3006 79
7.329999998546555E-4 1916 44
6.710000006933114E-4 969 18
7.929999992484227E-4 993 28
8.539999998902204E-4 3954 100
7.939999995869584E-4 997 19
9.15000000532018E-4 974 29
9.759999993548263E-4 1967 49
0.0012809999998353305 5970 145
0.0013429999999061693 1958 47
0.001036999999996624 968 18
0.0015260000000125729 2980 77
0.0012199999991935329 963 19
0.0017090000001189765 985 29
0.0014650000002802699 993 18
0.0014650000002802699 955 25
0.0010980000006384216 1982 51
0.0014030000002094312 2985 62
0.0012210000004415633 965 28
0.0011599999997997656 938 19
0.0011589999994612299 971 29
7.930000001579174E-4 3005 69
9.76999999693362E-4 964 28
0.0010980000006384216 1021 20
9.76999999693362E-4 933 28
7.930000001579174E-4 3013 65
7.939999995869584E-4 935 28
7.929999992484227E-4 3999 98
9.149999996225233E-4 1962 50
9.770000006028567E-4 973 15
0.0011599999997997656 2962 76
9.159999999610591E-4 2954 73
9.15000000532018E-4 10002 152
0.0012209999995320686 4930 125
7.930000001579174E-4 928 17
9.159999999610591E-4 992 28
9.159999999610591E-4 4016 97
7.939999995869584E-4 1913 50
0.0010990000000674627 4011 98
0.0011600000007092603 1980 51
8.539999998902204E-4 1955 42
9.149999996225233E-4 1984 52
9.149999996225233E-4 1920 47
8.539999998902204E-4 1989 48
7.319999995161197E-4 1997 47
6.709999997838167E-4 965 20
9.159999999610591E-4 999 30
9.770000006028567E-4 992 18
0.0012200000001030276 937 27
7.939999995869584E-4 953 17
0.001036999999996624 985 29
9.76000000264321E-4 1988 47
9.76999999693362E-4 992 22
9.76000000264321E-4 959 28
8.550000002287561E-4 994 18
7.929999992484227E-4 1952 48
0.0010980000006384216 2032 50
0.0012210000004415633 1947 47
0.0010980000006384216 1968 44
0.0014039999996384722 998 28
0.0014650000002802699 1948 49
0.0012209999995320686 3983 97
0.0012200000001030276 957 21
0.0015260000000125729 987 29
0.0011599999997997656 3973 96
0.0012200000001030276 1936 46
0.0011599999997997656 968 12
0.0012209999995320686 985 29
0.001036999999996624 999 18
0.0011600000007092603 934 25
7.939999995869584E-4 1982 52
7.320000004256144E-4 986 18
9.149999996225233E-4 1959 47
0.001097999999728927 2995 77
8.539999998902204E-4 1970 50
7.940000004964531E-4 936 17
0.001097999999728927 2984 78
7.939999995869584E-4 984 18
7.930000001579174E-4 978 27
0.001036999999996624 1973 49
8.550000002287561E-4 935 17
8.539999998902204E-4 5973 144
6.110000003900495E-4 975 23
5.489999994097161E-4 973 26
5.490000003192108E-4 982 21
7.329999998546555E-4 989 29
0.001097999999728927 3975 96
9.76000000264321E-4 4003 95
6.110000003900495E-4 932 19
7.320000004256144E-4 4016 95
7.939999995869584E-4 947 26
9.76999999693362E-4 2021 46
5.490000003192108E-4 2977 75
6.709999997838167E-4 928 29
9.76999999693362E-4 5997 153
8.539999998902204E-4 979 18
0.0010990000000674627 950 28
0.001036999999996624 1986 48
9.159999999610591E-4 985 18
0.0012809999998353305 1006 29
7.939999995869584E-4 927 17
0.0011600000007092603 1002 29
9.159999999610591E-4 1980 47
8.539999998902204E-4 929 17
9.159999999610591E-4 982 29
9.76000000264321E-4 4993 115
8.550000002287561E-4 3965 95
0.001097999999728927 1011 29
6.720000001223525E-4 941 18
8.539999998902204E-4 1000 31
0.0010990000000674627 1963 50
9.76000000264321E-4 1992 51
0.0036010000003443565 5568 36
6.100000000515138E-4 1418 33
6.710000006933114E-4 3974 96
9.149999996225233E-4 973 28
6.720000001223525E-4 1017 18
8.550000002287561E-4 20977 18
0.001097999999728927 897 14
9.159999999610591E-4 974 9
0.0010380000003351597 1004 14
8.549999993192614E-4 1937 26
7.930000001579174E-4 935 11
7.930000001579174E-4 2010 25
0.0011599999997997656 2926 39
0.011658000000352331 12566 10
9.76000000264321E-4 1394 15
7.939999995869584E-4 1932 23
9.159999999610591E-4 3914 53
7.319999995161197E-4 4983 67
0.0010380000003351597 4962 6
8.539999998902204E-4 967 14
6.720000001223525E-4 979 11
7.930000001579174E-4 965 15
7.329999998546555E-4 1991 25
9.159999999610591E-4 1959 19
0.012023999999655643 11580 0
0.0010990000000674627 2439 34
0.0011599999997997656 1843 26
9.770000006028567E-4 2991 37
7.939999995869584E-4 1957 25
0.001036999999996624 1007 16
7.940000004964531E-4 939 9
0.011047999999391322 12641 15
0.0012810000007448252 285 2
0.0012820000001738663 1957 24
0.0012820000001738663 1990 22
0.0012200000001030276 1928 22
9.76999999693362E-4 5939 79
6.100000000515138E-4 4905 70
6.720000001223525E-4 999 18
7.320000004256144E-4 1930 28
7.939999995869584E-4 1006 10
6.720000001223525E-4 1939 26
0.0010990000000674627 2998 43
0.001036999999996624 969 10
9.159999999610591E-4 1940 26
0.0012200000001030276 983 16
9.770000006028567E-4 977 9
0.0013429999999061693 2995 43
0.0010380000003351597 935 9
0.0012200000001030276 966 16
7.930000001579174E-4 6956 105
9.159999999610591E-4 954 16
6.709999997838167E-4 993 11
7.939999995869584E-4 1992 31
6.710000006933114E-4 3975 60
9.159999999610591E-4 3980 56
9.159999999610591E-4 3966 53
8.539999998902204E-4 1967 26
0.0010990000000674627 990 15
0.0010380000003351597 1940 26
9.770000006028567E-4 1922 26
7.940000004964531E-4 2017 33
7.940000004964531E-4 1952 30
7.319999995161197E-4 986 13
9.159999999610591E-4 980 17
7.930000001579174E-4 948 11
8.550000002287561E-4 987 19
7.930000001579174E-4 2970 43
0.0010380000003351597 4969 77
0.007874000000811066 8128 20
0.005126999999447435 6285 0
0.0014650000002802699 154 1
0.0013429999999061693 1938 24
0.0010380000003351597 966 9
0.0012809999998353305 6998 51
8.539999998902204E-4 1909 25
6.110000003900495E-4 979 9
6.710000006933114E-4 13978 63
0.0011599999997997656 936 14
0.0011599999997997656 1957 25
9.15000000532018E-4 965 9
9.76999999693362E-4 1990 24
0.001097999999728927 964 14
9.770000006028567E-4 986 10
0.008727999999791791 8533 4
8.550000002287561E-4 3360 42
9.76000000264321E-4 2936 41
8.550000002287561E-4 1001 8
0.001036999999996624 965 14
7.330000007641502E-4 2929 36
0.006041999999979453 6667 8
9.159999999610591E-4 2272 32
7.929999992484227E-4 986 14
8.550000002287561E-4 951 12
7.329999998546555E-4 2010 26
7.329999998546555E-4 1985 26
0.006347000000459957 9553 33
9.76999999693362E-4 381 4
7.930000001579174E-4 1007 14
7.329999998546555E-4 953 12
7.329999998546555E-4 1986 26
8.539999998902204E-4 969 15
9.149999996225233E-4 1990 25
8.539999998902204E-4 9948 57
8.539999998902204E-4 1988 26
6.709999997838167E-4 3932 53
0.010192999999162566 12689 20
6.709999997838167E-4 1316 18
7.940000004964531E-4 988 14
7.319999995161197E-4 2958 41
6.720000001223525E-4 1975 26
8.539999998902204E-4 983 15
7.329999998546555E-4 1006 10
0.009094000000004598 17155 43
0.0012819999992643716 2440 19
9.15000000532018E-4 208 1
0.004272999999557214 4397 3
0.001036999999996624 505 6
8.550000002287561E-4 969 17
0.001097999999728927 952 27
0.0010380000003351597 1017 18
9.149999996225233E-4 1973 47
0.0010990000000674627 981 27
0.0010380000003351597 1983 50
0.0010990000000674627 13974 45
0.0011599999997997656 3898 94
9.159999999610591E-4 2974 66
7.939999995869584E-4 16974 28
6.720000001223525E-4 6904 174
8.539999998902204E-4 991 29
7.319999995161197E-4 2969 77
0.001036999999996624 1944 49
8.539999998902204E-4 2978 67
0.0012820000001738663 976 28
9.149999996225233E-4 970 17
0.0010990000000674627 941 27
0.0010990000000674627 2013 50
0.0011589999994612299 1937 46
9.759999993548263E-4 12986 15
7.319999995161197E-4 3929 101
9.770000006028567E-4 966 30
7.939999995869584E-4 1971 51
0.0010380000003351597 3017 70
0.001097999999728927 932 28
0.0010990000000674627 30067 32
0.0010380000003351597 2872 37
0.0015260000000125729 1023 15
0.001524999999674037 983 12
7.319999995161197E-4 17969 90
7.319999995161197E-4 2904 42
5.500000006577466E-4 2954 37
7.930000001579174E-4 995 16
8.550000002287561E-4 1968 25
9.76000000264321E-4 3010 38
8.539999998902204E-4 15889 120
0.01007099999969796 15512 49
0.0010990000000674627 361 5
8.539999998902204E-4 2991 39
6.709999997838167E-4 1933 26
9.159999999610591E-4 987 16
0.001037999999425665 1953 24
0.0010380000003351597 996 11
0.001036999999996624 935 15
0.004151000000092608 9601 27
8.539999998902204E-4 378 5
5.490000003192108E-4 952 8
7.939999995869584E-4 1004 11
6.110000003900495E-4 1926 22
6.709999997838167E-4 1024 16
5.490000003192108E-4 923 9
7.319999995161197E-4 3995 54
7.930000001579174E-4 1027 15
7.939999995869584E-4 19406 15
9.149999996225233E-4 4470 64
8.550000002287561E-4 932 10
6.709999997838167E-4 1965 25
0.009583000000020547 13548 36
9.76999999693362E-4 376 4
8.550000002287561E-4 1919 27
9.149999996225233E-4 3053 44
7.940000004964531E-4 927 9
7.929999992484227E-4 2966 43
6.710000006933114E-4 1016 10
7.939999995869584E-4 926 14
6.709999997838167E-4 990 9
8.539999998902204E-4 11962 4
0.0010380000003351597 975 15
9.159999999610591E-4 969 9
7.929999992484227E-4 947 13
7.319999995161197E-4 2976 38
7.329999998546555E-4 968 15
9.159999999610591E-4 1971 23
6.709999997838167E-4 997 11
6.720000001223525E-4 994 15
6.710000006933114E-4 5001 18
6.709999997838167E-4 3953 51
6.100000000515138E-4 6024 11
6.100000000515138E-4 1924 25
6.710000006933114E-4 948 14
6.100000000515138E-4 1952 27
7.329999998546555E-4 2000 26
7.320000004256144E-4 10965 15
7.939999995869584E-4 978 16
6.100000000515138E-4 945 9
8.539999998902204E-4 980 12
7.939999995869584E-4 951 14
7.330000007641502E-4 2005 26
6.709999997838167E-4 1924 24
4.890000000159489E-4 1019 10
5.490000003192108E-4 2000 26
0.002013999999689986 4559 16
7.319999995161197E-4 2369 32
5.490000003192108E-4 969 9
7.329999998546555E-4 982 14
0.005492999999660242 7642 9
7.930000001579174E-4 2309 31
6.719999992128578E-4 963 9
6.720000001223525E-4 3954 51
9.149999996225233E-4 981 13
6.100000000515138E-4 966 9
9.759999993548263E-4 2576 19
9.770000006028567E-4 1363 16
9.159999999610591E-4 11985 23
8.550000002287561E-4 3919 51
0.0010380000003351597 1924 26
9.159999999610591E-4 4919 68
0.007445999999617925 6996 1
0.0010980000006384216 1945 24
8.539999998902204E-4 3912 52
7.939999995869584E-4 2974 37
0.0012210000004415633 991 16
9.149999996225233E-4 999 5
0.005431999999927939 5564 9
0.0011600000007092603 285 2
0.0012209999995320686 952 15
0.001036999999996624 993 10
0.0011599999997997656 937 15
9.76000000264321E-4 986 9
0.0011589999994612299 2967 40
0.0070190000005823094 8609 1
9.159999999610591E-4 339 2
7.930000001579174E-4 2921 39
7.939999995869584E-4 988 9
0.001036999999996624 4941 69
0.0011589999994612299 2979 37
0.012818000000152097 11572 1
0.0012809999998353305 357 3
0.0012200000001030276 3974 51
0.0011599999997997656 980 14
0.001037999999425665 969 9
7.929999992484227E-4 17948 82
9.159999999610591E-4 981 15
7.320000004256144E-4 979 9
8.539999998902204E-4 1961 26
9.770000006028567E-4 959 13
7.319999995161197E-4 3000 44
9.770000006028567E-4 981 15
8.539999998902204E-4 938 11
8.549999993192614E-4 1014 17
6.710000006933114E-4 932 9
4.269999999451102E-4 6045 31
6.110000003900495E-4 1928 26
0.006164999999782594 10121 15
8.539999998902204E-4 2784 37
9.149999996225233E-4 1932 24
7.940000004964531E-4 1013 9
8.539999998902204E-4 919 15
7.329999998546555E-4 974 10
9.15000000532018E-4 978 16
8.539999998902204E-4 1981 27
7.329999998546555E-4 1022 10
7.939999995869584E-4 9984 13
7.930000001579174E-4 918 14
8.539999998902204E-4 2935 34
8.550000002287561E-4 997 14
9.160000008705538E-4 2000 24
7.319999995161197E-4 941 8
9.76999999693362E-4 960 13
7.930000001579174E-4 2992 34
0.0012199999991935329 8977 20
9.770000006028567E-4 978 9
9.76000000264321E-4 1961 25
9.149999996225233E-4 1951 25
8.54000000799715E-4 2006 25
0.0011599999997997656 974 14
8.550000002287561E-4 957 10
9.759999993548263E-4 961 15
9.770000006028567E-4 13985 27
0.001097999999728927 2985 37
0.0011599999997997656 935 14
0.0010990000000674627 980 9
0.0011590000003707246 979 15
0.0010990000000674627 1957 25
0.001098999999157968 1995 24
0.01141399999960413 12602 12
0.0011589999994612299 1275 16
0.0012819999992643716 2002 27
9.76000000264321E-4 915 8
0.0010990000000674627 972 14
0.0010990000000674627 3004 33
0.0012809999998353305 965 14
0.0011599999997997656 931 8
0.0012820000001738663 983 13
0.0011600000007092603 20940 24
9.149999996225233E-4 877 16
7.930000001579174E-4 2001 49
7.930000001579174E-4 3947 90
0.0011599999997997656 1964 45
0.0012820000001738663 921 27
9.76000000264321E-4 976 17
0.0011599999997997656 946 24
0.0015260000000125729 3945 96
0.001097999999728927 928 16
0.0011599999997997656 963 26
0.0010380000003351597 955 18
0.01946999999927357 16576 14
0.001404000000547967 355 8
0.0012809999998353305 937 15
0.0014039999996384722 983 26
0.0010990000000674627 930 15
0.0012209999995320686 4965 124
0.0012820000001738663 928 16
0.012207000000671542 18706 62
6.709999997838167E-4 207 5
4.2799999937415123E-4 990 18
4.8799999967741314E-4 2924 77
5.499999997482519E-4 994 18
6.100000000515138E-4 2000 50
6.100000000515138E-4 2959 73
6.100000000515138E-4 939 17
9.76999999693362E-4 992 27
7.930000001579174E-4 964 21
7.939999995869584E-4 1009 30
6.710000006933114E-4 956 17
0.001097999999728927 12993 22
9.159999999610591E-4 934 23
7.329999998546555E-4 3975 101
8.539999998902204E-4 2938 76
7.929999992484227E-4 1993 51
6.720000001223525E-4 14985 50
8.539999998902204E-4 924 15
8.539999998902204E-4 2954 36
0.011352999999871827 18580 6
9.76000000264321E-4 198 1
6.709999997838167E-4 1938 26
6.109999994805548E-4 3994 55
5.499999997482519E-4 2932 42
4.269999999451102E-4 1037 10
5.490000003192108E-4 940 15
0.0010380000003351597 12996 13
0.0012200000001030276 963 15
0.001036999999996624 1981 24
0.001037999999425665 1985 28
8.54000000799715E-4 964 10
8.539999998902204E-4 1965 25
0.0021360000000640866 6366 52
7.329999998546555E-4 1616 19
8.539999998902204E-4 1010 15
9.159999999610591E-4 12937 42
0.0012200000001030276 933 14
0.0011600000007092603 1010 9
9.149999996225233E-4 1917 26
8.539999998902204E-4 1991 27
7.930000001579174E-4 1982 27
7.930000001579174E-4 1948 27
0.0010990000000674627 13002 46
0.0010380000003351597 894 17
0.001097999999728927 1007 25
0.001097999999728927 2948 73
0.0010380000003351597 984 22
0.0010380000003351597 2959 73
0.0012809999998353305 25950 46
0.0010990000000674627 1977 47
0.0011590000003707246 968 26
0.0010990000000674627 949 15
9.76000000264321E-4 2001 48
0.0010990000000674627 1951 49
0.0010380000003351597 1983 50
6.720000001223525E-4 25977 141
7.940000004964531E-4 1981 48
6.100000000515138E-4 909 17
5.499999997482519E-4 2007 52
4.8799999967741314E-4 1969 53
6.720000001223525E-4 2984 82
0.012695000000348955 21512 36
9.159999999610591E-4 408 9
0.001036999999996624 2988 78
8.550000002287561E-4 974 17
6.100000000515138E-4 994 26
6.100000000515138E-4 1967 51
5.490000003192108E-4 996 23
4.8799999967741314E-4 1954 51
5.490000003192108E-4 985 20
4.8799999967741314E-4 1993 47
6.720000001223525E-4 4985 126
6.100000000515138E-4 941 17
7.930000001579174E-4 958 23
9.759999993548263E-4 3001 76
0.015991000000212807 16724 9
0.0011599999997997656 187 2
7.320000004256144E-4 2017 49
6.100000000515138E-4 941 24
9.159999999610591E-4 1004 25
9.159999999610591E-4 2976 67
8.539999998902204E-4 922 24
0.001036999999996624 6013 137
7.939999995869584E-4 947 26
0.020264000000679516 20568 11
9.159999999610591E-4 1362 35
4.269999999451102E-4 4929 115
7.930000001579174E-4 3010 82
6.110000003900495E-4 3963 102
4.8799999967741314E-4 1031 19
5.490000003192108E-4 936 28
0.0155029999996259 16599 11
9.770000006028567E-4 345 5
0.0010990000000674627 5000 131
8.539999998902204E-4 941 17
9.149999996225233E-4 2013 48
9.76999999693362E-4 986 29
0.015625 18639 56
0.0010990000000674627 1208 33
0.001037999999425665 899 18
9.159999999610591E-4 1982 48
0.001036999999996624 2968 75
9.159999999610591E-4 998 22
8.539999998902204E-4 953 27
9.149999996225233E-4 3977 95
8.550000002287561E-4 987 23
9.15000000532018E-4 970 27
0.0011599999997997656 1393 34
9.159999999610591E-4 1917 50
0.0036010000003443565 4458 7
9.76999999693362E-4 3348 87
8.54000000799715E-4 991 18
7.319999995161197E-4 1978 51
0.006347000000459957 9563 42
0.001097999999728927 1350 37
0.001097999999728927 1973 46
9.76999999693362E-4 926 16
9.149999996225233E-4 1966 46
6.709999997838167E-4 3353 85
6.100000000515138E-4 2950 66
6.720000001223525E-4 950 28
6.100000000515138E-4 1997 46
6.110000003900495E-4 1010 22
6.100000000515138E-4 937 28
7.929999992484227E-4 1989 45
7.320000004256144E-4 998 23
8.550000002287561E-4 987 28
0.0066529999994600075 8599 10
0.005188000000089232 11927 96
4.890000000159489E-4 2355 59
5.490000003192108E-4 995 30
5.499999997482519E-4 1956 45
5.489999994097161E-4 2037 50
6.110000003900495E-4 933 17
7.930000001579174E-4 1006 28
7.329999998546555E-4 944 20
0.008361999999578984 9581 39
0.001404000000547967 366 7
0.0011589999994612299 982 26
0.004272000000128173 6534 63
8.550000002287561E-4 364 7
5.489999994097161E-4 9979 147
5.490000003192108E-4 1002 27
0.002502999999705935 4567 11
7.930000001579174E-4 368 6
0.008606000000327185 11631 89
0.0015260000000125729 1299 36
0.0014029999992999365 1956 46
0.0012210000004415633 1988 51
0.001036999999996624 997 18
0.018554999999651045 17572 39
0.0014650000002802699 257 6
0.0013429999999061693 3916 99
0.0014039999996384722 1933 49
0.0010990000000674627 999 18
0.0012820000001738663 954 27
0.0012809999998353305 1020 18
0.0012209999995320686 994 29
0.0014639999999417341 1986 48
0.0014649999993707752 2000 49
0.0010990000000674627 925 17
0.0013420000004771282 981 29
0.016295999999783817 16690 108
0.0012820000001738663 269 4
0.0013429999999061693 936 28
0.001524999999674037 3053 68
0.0012820000001738663 914 28
0.0011599999997997656 1004 20
0.0011589999994612299 2006 51
0.001404000000547967 947 29
0.0015260000000125729 3956 99
0.021544999999605352 18538 57
0.0012210000004415633 2358 61
0.0011599999997997656 2018 51
0.0013429999999061693 937 29
0.0013420000004771282 1974 50
0.0010990000000674627 1007 18
0.0014039999996384722 2989 78
0.010681000000658969 8733 8
0.0014039999996384722 127 1
0.0015260000000125729 1004 32
0.0010380000003351597 981 19
0.0012809999998353305 1007 29
0.0010990000000674627 942 23
0.0013429999999061693 1008 30
0.001036999999996624 957 20
0.0013429999999061693 999 31
0.0016479999994771788 1996 49
0.0010980000006384216 938 18
0.0015260000000125729 993 29
7.320000004256144E-4 27993 181
9.770000006028567E-4 1899 39
0.001097999999728927 978 30
0.013793999999506923 13599 38
0.0013420000004771282 339 8
0.0012209999995320686 988 17
9.159999999610591E-4 3985 88
9.76000000264321E-4 923 23
0.0010980000006384216 3015 64
0.0014039999996384722 18968 80
0.0013429999999061693 919 24
0.0012820000001738663 1983 53
0.0012820000001738663 2023 51
0.0013429999999061693 935 29
0.0011590000003707246 983 19
0.0014039999996384722 962 24
0.0013420000004771282 1975 49
0.0012209999995320686 984 19
0.0012820000001738663 997 29
9.770000006028567E-4 2963 67
9.770000006028567E-4 1964 48
9.76000000264321E-4 2025 49
0.0010380000003351597 2943 77
0.014954000000216183 13628 33
8.539999998902204E-4 1335 29
0.0010990000000674627 942 25
0.0010380000003351597 3007 74
0.001097999999728927 965 28
9.159999999610591E-4 979 18
0.0010990000000674627 983 29
0.001098999999157968 1954 48
0.0011590000003707246 17972 44
0.0014039999996384722 974 28
0.0015260000000125729 1976 48
0.0011590000003707246 946 14
0.0014649999993707752 987 30
0.0011599999997997656 6944 162
0.0011590000003707246 982 28
0.001404000000547967 22978 169
0.0013429999999061693 919 26
0.001036999999996624 3962 94
9.159999999610591E-4 982 19
0.001036999999996624 1001 29
0.0011599999997997656 1981 48
0.013122000000294065 18562 57
0.0015260000000125729 345 8
0.0012820000001738663 974 21
0.001097999999728927 3978 90
0.0012820000001738663 921 25
9.159999999610591E-4 2999 63
0.001037999999425665 940 26
0.017761000000064087 17625 32
9.76999999693362E-4 286 5
0.0010990000000674627 1008 32
7.930000001579174E-4 2976 74
4.8800000058690784E-4 998 32
4.2799999937415123E-4 984 19
6.709999997838167E-4 989 29
6.100000000515138E-4 983 21
4.8799999967741314E-4 1929 46
0.0014039999996384722 22041 43
0.0012209999995320686 1872 24
0.0014650000002802699 1010 15
9.159999999610591E-4 2991 33
9.76999999693362E-4 2934 36
9.76000000264321E-4 978 10
9.149999996225233E-4 1996 23
0.012572999999974854 11571 7
7.939999995869584E-4 1353 17
0.0011589999994612299 6035 78
0.0014649999993707752 12905 78
0.0010380000003351597 1964 27
9.76000000264321E-4 7954 102
0.004394999999931315 5563 6
0.0012200000001030276 381 5
0.0010990000000674627 2972 35
0.0010990000000674627 1966 24
0.0012820000001738663 949 14
0.005798999999569787 10030 31
0.0017090000001189765 1893 22
0.001036999999996624 4948 58
0.012085000000297441 12505 6
0.0011589999994612299 1407 16
0.0015260000000125729 955 14
0.0010380000003351597 959 8
0.0011590000003707246 2015 24
0.0016480000003866735 961 14
0.0012819999992643716 951 8
0.0015260000000125729 1000 13
0.0014649999993707752 1959 24
8.539999998902204E-4 13979 36
7.319999995161197E-4 1889 21
8.550000002287561E-4 974 13
0.0013429999999061693 1975 21
0.0014039999996384722 2025 26
0.0016480000003866735 1905 25
0.0018919999993158854 1949 26
0.0010380000003351597 14978 52
0.0011599999997997656 1927 23
0.0014639999999417341 2982 38
0.0015869999997448758 2943 33
0.001952999999957683 16961 79
0.0018309999995835824 973 8
0.001952999999957683 901 13
0.0012820000001738663 3020 33
0.0015260000000125729 888 12
0.0013429999999061693 1993 23
0.009581999999682012 8619 15
0.001404000000547967 1319 17
0.0011599999997997656 1972 23
0.0012210000004415633 951 8
0.0015869999997448758 956 14
0.0012820000001738663 12972 107
0.0012809999998353305 1960 24
0.0014650000002802699 959 14
0.007996000000275671 6570 16
8.550000002287561E-4 1328 17
0.0010380000003351597 5976 72
0.0020150000000285218 13005 20
0.0017090000001189765 900 9
0.0016479999994771788 2016 25
0.001831000000493077 985 13
0.0014039999996384722 963 9
0.0016470000000481377 924 14
0.0012210000004415633 2032 25
7.320000004256144E-4 2960 33
0.0018309999995835824 8999 29
0.0015870000006543705 949 9
0.0018309999995835824 965 14
0.0015260000000125729 3018 35
0.015441000000464555 10497 15
0.0015869999997448758 386 4
0.0011600000007092603 1964 24
0.0012210000004415633 2970 38
0.0013429999999061693 1029 12
0.001524999999674037 1964 25
0.0015260000000125729 989 13
0.0017699999998512794 14935 52
0.0011599999997997656 7944 101
0.0014039999996384722 983 13
0.0011599999997997656 2953 35
0.0013420000004771282 13969 41
0.0015869999997448758 937 14
0.0012820000001738663 1006 9
0.0012820000001738663 937 14
0.001097999999728927 998 9
0.0014039999996384722 989 15
0.0014649999993707752 3959 50
0.007141000000046915 8586 21
0.0011590000003707246 2357 28
0.0013429999999061693 950 12
0.0014039999996384722 3980 51
0.0014650000002802699 938 8
0.0011599999997997656 1995 24
0.0012809999998353305 8008 37
0.0013429999999061693 897 12
0.0014650000002802699 1030 8
0.0015260000000125729 1942 19
0.0017699999998512794 930 10
0.0015260000000125729 4953 8
0.0012820000001738663 983 15
9.76000000264321E-4 2914 34
8.550000002287561E-4 1985 25
0.025756000000001222 17565 1
0.0015869999997448758 398 3
0.001404000000547967 934 14
0.0012819999992643716 1001 9
0.0015260000000125729 5005 67
0.0013429999999061693 2965 34
0.0011599999997997656 1006 13
0.0017079999997804407 12956 25
0.0017710000001898152 965 13
0.0015860000003158348 989 10
0.0015869999997448758 936 13
0.0012820000001738663 1984 23
0.0012820000001738663 1959 23
0.001037999999425665 1026 8
0.0012200000001030276 983 14
8.550000002287561E-4 960 8
0.0010990000000674627 1034 14
8.539999998902204E-4 960 8
0.015137000000322587 11536 7
0.0014650000002802699 1414 13
0.0014030000002094312 1954 23
0.0017699999998512794 952 13
0.0014650000002802699 1013 10
0.0017699999998512794 959 14
0.0014039999996384722 936 8
0.0015260000000125729 1998 23
0.0017090000001189765 1002 14
0.0014039999996384722 943 8
0.0017090000001189765 988 14
0.001404000000547967 7948 9
9.770000006028567E-4 3990 48
9.159999999610591E-4 921 10
9.76000000264321E-4 1044 13
8.549999993192614E-4 960 9
0.0013429999999061693 2977 36
0.0012809999998353305 947 10
0.0016480000003866735 8985 5
0.0016480000003866735 964 8
0.0016479999994771788 923 13
0.001037999999425665 3048 33
0.0012200000001030276 976 13
0.0010990000000674627 1929 24
8.539999998902204E-4 1054 9
0.0011600000007092603 2900 39
0.0016479999994771788 11984 13
0.0014039999996384722 1932 23
0.0014030000002094312 1958 22
0.0012209999995320686 1001 9
0.001404000000547967 967 14
0.0014639999999417341 2032 24
0.0012819999992643716 946 8
0.005248999999821535 6594 46
0.0017699999998512794 327 4
0.0012209999995320686 2997 36
0.0014650000002802699 963 14
0.007507000000259723 5848 1
0.0016480000003866735 4047 51
0.0014649999993707752 948 8
0.001831000000493077 1997 22
0.001952999999957683 938 13
0.015625 13516 21
0.0015870000006543705 414 5
0.0015260000000125729 1000 9
0.0017699999998512794 983 14
0.0014650000002802699 901 8
0.0017699999998512794 3010 40
0.0018309999995835824 992 10
0.001831000000493077 947 12
0.0016479999994771788 3967 52
0.016113000000586908 15569 8
0.0013429999999061693 348 4
9.76999999693362E-4 948 8
0.0010990000000674627 1986 24
0.0010980000006384216 1997 23
0.0014039999996384722 1022 13
0.0014039999996384722 3931 49
0.0012809999998353305 1946 23
0.013733000000684115 11601 5
0.0012209999995320686 345 3
9.76999999693362E-4 5932 69
0.0016480000003866735 2949 40
0.0013429999999061693 937 8
0.007690000000366126 9578 36
0.0010990000000674627 3345 44
0.0014650000002802699 3944 48
0.0016480000003866735 2025 25
0.0012820000001738663 935 8
0.0017699999998512794 1659 7
0.0013429999999061693 289 2
0.019957999999860476 15573 17
5.490000003192108E-4 1357 17
4.8799999967741314E-4 1024 8
5.489999994097161E-4 2001 22
4.8800000058690784E-4 895 9
4.890000000159489E-4 1045 10
6.709999997838167E-4 2004 19
0.0010380000003351597 942 11
9.759999993548263E-4 1000 7
0.013122999999723106 13466 39
0.0014039999996384722 394 4
0.001404000000547967 1046 15
9.159999999610591E-4 2928 33
7.930000001579174E-4 3999 49
0.0014650000002802699 1003 14
0.001097999999728927 939 8
0.009644000000662345 9564 38
0.0018929999996544211 1367 18
0.001524999999674037 952 8
0.0014650000002802699 2994 40
0.0014039999996384722 1969 23
0.0014650000002802699 1960 23
0.0010380000003351597 10993 22
0.0013429999999061693 961 14
0.001097999999728927 944 8
0.0013429999999061693 1041 14
0.0010990000000674627 2948 33
0.001097999999728927 1969 23
0.0012209999995320686 955 13
0.0011600000007092603 1027 9
0.0013419999995676335 990 14
0.0012820000001738663 972 8
0.012512000000242551 7602 12
0.0018309999995835824 319 3
0.001954000000296219 1032 14
0.0017699999998512794 3958 48
0.0017090000001189765 963 10
8.539999998902204E-4 4022 49
8.549999993192614E-4 13965 69
0.0014650000002802699 2934 41
0.0017090000001189765 1968 25
0.0015260000000125729 977 9
0.0017090000001189765 949 14
0.005248999999821535 8606 8
0.0012199999991935329 2311 27
0.0011599999997997656 1969 23
0.0075679999999920256 7513 9
0.0015260000000125729 10439 38
0.0015870000006543705 1964 24
0.0012200000001030276 3967 47
0.0016480000003866735 954 13
0.0013429999999061693 15977 21
0.0014030000002094312 1952 24
0.0013429999999061693 1013 9
0.0016480000003866735 948 14
0.001097999999728927 18928 66
0.0010380000003351597 992 11
0.001036999999996624 940 13
0.0012820000001738663 1991 24
0.0012200000001030276 949 8
0.0014039999996384722 1034 14
0.0012820000001738663 1951 23
0.002320000000509026 3576 9
0.011779999999816937 7940 7
0.0015870000006543705 1383 16
0.0018309999995835824 1043 15
8.550000002287561E-4 6902 24
9.159999999610591E-4 2008 24
0.0010990000000674627 988 14
9.76999999693362E-4 1939 23
0.0017699999998512794 13996 8
0.0015260000000125729 968 11
0.0017090000001189765 973 14
0.0016480000003866735 1937 24
0.0014650000002802699 1046 10
0.0012809999998353305 1948 24
0.0012210000004415633 975 14
0.0012209999995320686 995 10
0.0010990000000674627 1968 24
0.023620999999366177 16614 17
0.0020140000005994807 330 3
0.0017089999992094818 977 10
0.0016480000003866735 1989 24
0.0017699999998512794 945 13
0.0017699999998512794 971 10
8.539999998902204E-4 3981 47
0.0011599999997997656 10961 22
9.15000000532018E-4 929 8
0.002013999999689986 2585 11
0.0015260000000125729 396 5
0.0015869999997448758 942 10
0.0017090000001189765 8010 39
0.0017699999998512794 1896 25
0.02294900000015332 16537 37
0.0018309999995835824 362 4
0.0012820000001738663 937 8
0.0016479999994771788 994 14
0.0014030000002094312 962 8
0.0014039999996384722 1964 23
0.0013429999999061693 1949 23
0.00189200000022538 1032 13
0.0018309999995835824 7918 12
0.0014039999996384722 7928 8
0.0012200000001030276 972 10
0.001404000000547967 988 15
0.0018919999993158854 18018 91
0.00189200000022538 950 14
0.0018309999995835824 1914 23
0.0015260000000125729 954 8
0.0015250000005835318 970 14
0.01971400000002177 14591 10
0.0016480000003866735 2343 26
0.001952999999957683 944 13
0.0012809999998353305 12989 64
0.0017090000001189765 8913 31
0.0014039999996384722 973 8
0.0013429999999061693 3952 46
0.0014039999996384722 17970 36
0.001404000000547967 902 13
0.0014650000002802699 1986 28
0.0015260000000125729 985 9
0.0015260000000125729 959 14
0.0014650000002802699 1002 11
0.0014649999993707752 958 14
0.0012820000001738663 16582 70
0.0013429999999061693 375 4
0.0012820000001738663 941 11
0.0011599999997997656 7992 18
0.0012820000001738663 1967 23
0.0014650000002802699 965 13
0.0013419999995676335 973 9
0.007201999999779218 6541 18
0.0017090000001189765 416 5
0.01068200000008801 7486 8
0.0014030000002094312 408 5
0.0014650000002802699 3950 44
0.0014039999996384722 1985 24
0.0013429999999061693 7001 21
0.0017090000001189765 933 13
0.0017090000001189765 1996 25
0.001097999999728927 937 8
0.0014650000002802699 966 14
0.0013429999999061693 1965 23
0.0013429999999061693 4051 7
0.0011589999994612299 943 9
0.001404000000547967 951 14
0.0010990000000674627 1033 9
0.0015869999997448758 983 14
0.0014030000002094312 954 8
0.001952999999957683 7031 27
0.002013999999689986 1931 24
0.0017699999998512794 3950 49
0.001524999999674037 1989 11
0.002379999999902793 3557 13
0.0014039999996384722 403 5
0.0012820000001738663 980 11
0.0012820000001738663 1002 14
0.0011590000003707246 955 9
0.01879899999948975 12659 7
0.0020750000003317837 311 3
0.0017090000001189765 941 10
0.0018309999995835824 978 13
0.0017699999998512794 7014 83
0.0016479999994771788 1949 23
0.001524999999674037 16977 80
0.0012210000004415633 966 8
0.0014039999996384722 926 13
0.0012820000001738663 1029 9
9.76000000264321E-4 1915 22
0.0010990000000674627 1025 14
9.149999996225233E-4 974 8
0.014465000000200234 12515 21
0.0015869999997448758 387 5
0.0012820000001738663 1013 10
0.0012820000001738663 3998 49
0.0013419999995676335 3988 47
0.0015870000006543705 950 13
0.0015260000000125729 2003 23
7.329999998546555E-4 9919 27
7.329999998546555E-4 1944 22
7.320000004256144E-4 998 10
6.709999997838167E-4 1945 24
0.0010380000003351597 1030 13
0.0017090000001189765 16009 67
0.0014639999999417341 1898 24
0.0010380000003351597 1997 23
7.930000001579174E-4 1950 24
7.329999998546555E-4 1019 9
8.54000000799715E-4 2963 39
7.930000001579174E-4 2002 24
0.0056759999997666455 7522 7
0.0010990000000674627 371 5
0.0012210000004415633 993 10
0.0015869999997448758 1006 15
0.0014039999996384722 1968 24
0.0014030000002094312 1968 24
0.0013429999999061693 2014 24
0.0010990000000674627 945 8
0.0012200000001030276 999 13
0.0012820000001738663 2004 13
0.008910999999898195 11516 9
7.940000004964531E-4 378 5
7.319999995161197E-4 1015 10
7.319999995161197E-4 1964 24
6.709999997838167E-4 2994 39
9.15000000532018E-4 1994 24
0.0012210000004415633 1939 24
0.0013419999995676335 1034 9
0.0014039999996384722 916 13
0.0013429999999061693 4029 13
6.100000000515138E-4 17934 83
7.329999998546555E-4 3934 50
7.930000001579174E-4 982 9
6.720000001223525E-4 1997 22
7.319999995161197E-4 935 13
6.709999997838167E-4 2012 21
0.0010380000003351597 7933 16
9.76000000264321E-4 1977 25
8.550000002287561E-4 2981 34
5.499999997482519E-4 1963 25
6.709999997838167E-4 2958 39
6.720000001223525E-4 1968 12
6.100000000515138E-4 980 9
0.0015260000000125729 2689 1
0.0011590000003707246 2292 29
0.008727999999791791 9547 21
0.0011600000007092603 381 5
0.001036999999996624 989 10
0.0010990000000674627 949 14
9.759999993548263E-4 1038 10
6.110000003900495E-4 7947 102
7.930000001579174E-4 980 14
0.009277000000111002 11554 3
0.0010380000003351597 1410 17
0.0012209999995320686 3038 41
9.76000000264321E-4 975 9
7.329999998546555E-4 2927 38
7.320000004256144E-4 2026 25
6.110000003900495E-4 951 8
0.001404000000547967 12978 30
0.0012820000001738663 931 10
0.0015869999997448758 1011 15
0.001404000000547967 1950 24
0.001098999999157968 1024 9
9.159999999610591E-4 1924 24
0.0010990000000674627 3028 38
9.76000000264321E-4 957 9
9.159999999610591E-4 1986 24
0.0011590000003707246 2985 7
0.0010380000003351597 956 9
0.0012209999995320686 988 15
0.001404000000547967 7974 54
0.001036999999996624 2958 32
0.0012200000001030276 3017 18
6.709999997838167E-4 9927 57
8.550000002287561E-4 2946 34
0.0010990000000674627 995 14
0.0014650000002802699 17986 103
0.0012820000001738663 11953 58
0.0013429999999061693 3901 49
0.0016480000003866735 7919 9
0.001037999999425665 946 8
0.001097999999728927 3953 46
0.0011590000003707246 9012 40
0.0015869999997448758 5912 20
0.0012200000001030276 953 8
0.0015260000000125729 1003 13
0.0011599999997997656 954 8
0.0013429999999061693 8930 23
0.0029910000002928427 3562 1
0.0011589999994612299 411 5
0.010253999999804364 15572 57
0.0011589999994612299 1331 14
0.001404000000547967 1028 15
8.550000002287561E-4 919 8
0.0011590000003707246 3990 50
0.0014650000002802699 967 14
0.0012209999995320686 1028 9
0.0011600000007092603 2919 38
0.0032349999992220546 3571 7
0.01342800000020361 15942 55
8.549999993192614E-4 1397 15
8.539999998902204E-4 2001 24
6.709999997838167E-4 7939 98
0.0010380000003351597 962 14
0.008727999999791791 11534 7
7.930000001579174E-4 389 5
7.319999995161197E-4 1956 25
6.100000000515138E-4 1056 9
7.930000001579174E-4 3972 53
9.76999999693362E-4 960 11
0.001036999999996624 2977 39
0.009520999999949709 12539 20
0.0011599999997997656 360 3
6.100000000515138E-4 965 11
6.720000001223525E-4 975 11
6.720000001223525E-4 1997 23
5.490000003192108E-4 1993 23
6.720000001223525E-4 1006 13
8.54000000799715E-4 3956 51
0.0010990000000674627 9980 36
8.539999998902204E-4 936 8
9.76999999693362E-4 977 13
6.709999997838167E-4 5964 72
6.710000006933114E-4 2001 26
8.550000002287561E-4 5953 20
7.320000004256144E-4 984 9
9.159999999610591E-4 937 14
9.159999999610591E-4 1963 25
9.76000000264321E-4 992 9
0.001036999999996624 9983 19
0.001037999999425665 946 13
8.539999998902204E-4 968 8
7.940000004964531E-4 2984 36
6.709999997838167E-4 947 10
9.76999999693362E-4 1003 13
7.329999998546555E-4 3974 44
6.709999997838167E-4 990 7
0.01196299999992334 11505 12
9.770000006028567E-4 2371 31
8.539999998902204E-4 2964 33
8.539999998902204E-4 2007 23
7.930000001579174E-4 1979 24
6.100000000515138E-4 1929 24
7.939999995869584E-4 1050 14
0.0026239999997414998 3538 9
8.539999998902204E-4 1364 14
0.003296000000773347 6561 35
9.76999999693362E-4 361 5
0.0010380000003351597 2043 25
0.001036999999996624 1010 9
0.0010990000000674627 920 13
8.539999998902204E-4 1014 9
7.319999995161197E-4 12013 24
9.159999999610591E-4 863 11
0.0010990000000674627 1964 24
9.149999996225233E-4 1011 9
9.159999999610591E-4 998 13
9.159999999610591E-4 1893 24
8.549999993192614E-4 2053 25
6.710000006933114E-4 934 8
7.939999995869584E-4 1036 12
9.160000008705538E-4 4903 30
7.929999992484227E-4 956 8
9.770000006028567E-4 994 14
8.550000002287561E-4 11954 54
7.319999995161197E-4 1000 9
7.940000004964531E-4 990 15
7.930000001579174E-4 1962 23
7.320000004256144E-4 3926 47
9.159999999610591E-4 9036 18
0.0010380000003351597 1988 24
9.76999999693362E-4 932 13
0.001036999999996624 994 9
8.539999998902204E-4 1993 24
9.149999996225233E-4 1948 24
7.939999995869584E-4 2989 38
7.940000004964531E-4 13959 23
7.930000001579174E-4 957 14
7.329999998546555E-4 1047 9
7.930000001579174E-4 972 13
7.939999995869584E-4 942 8
0.0011590000003707246 1036 14
0.0010980000006384216 1998 24
8.549999993192614E-4 931 8
9.15000000532018E-4 1024 14
7.329999998546555E-4 933 8
0.0010980000006384216 5011 29
0.002807000000757398 7561 47
0.001036999999996624 4412 55
9.159999999610591E-4 943 8
0.008422999999311287 10538 5
9.15000000532018E-4 404 5
8.539999998902204E-4 2008 24
6.709999997838167E-4 920 8
8.549999993192614E-4 3051 40
6.710000006933114E-4 923 8
9.159999999610591E-4 988 13
7.930000001579174E-4 2954 32
9.770000006028567E-4 965 13
9.76999999693362E-4 3982 13
9.159999999610591E-4 3981 47
0.002502000000276894 3517 0
7.930000001579174E-4 2474 31
6.719999992128578E-4 927 8
9.15000000532018E-4 1029 14
6.720000001223525E-4 926 8
0.007934000000204833 10628 2
0.0012819999992643716 294 3
0.0016479999994771788 2005 23
0.0011590000003707246 966 8
0.0015260000000125729 937 13
0.0012820000001738663 1996 21
0.0014650000002802699 986 12
9.759999993548263E-4 5037 59
0.010132000000339758 11550 13
9.76999999693362E-4 331 2
9.159999999610591E-4 3991 47
8.539999998902204E-4 925 13
7.939999995869584E-4 2978 34
0.001036999999996624 986 14
0.0010990000000674627 1026 12
0.0011599999997997656 954 14
8.539999998902204E-4 996 9
0.0012809999998353305 8959 29
0.0010380000003351597 1029 9
9.759999993548263E-4 1980 24
9.76999999693362E-4 1912 23
0.0010380000003351597 2005 24
9.159999999610591E-4 2015 24
9.76999999693362E-4 925 13
7.930000001579174E-4 9032 50
8.54000000799715E-4 3951 42
7.320000004256144E-4 11958 10
9.76999999693362E-4 930 14
7.320000004256144E-4 1025 9
8.550000002287561E-4 952 14
7.930000001579174E-4 2985 35
8.549999993192614E-4 2965 39
7.320000004256144E-4 984 9
8.550000002287561E-4 943 14
7.930000001579174E-4 1050 9
7.940000004964531E-4 7973 19
7.319999995161197E-4 930 12
9.159999999610591E-4 1999 24
7.939999995869584E-4 1949 21
0.008483999999953085 10552 12
8.550000002287561E-4 3364 38
8.539999998902204E-4 998 8
6.710000006933114E-4 1913 23
6.110000003900495E-4 2003 25
7.930000001579174E-4 987 15
6.709999997838167E-4 2966 34
6.720000001223525E-4 964 14
9.770000006028567E-4 6973 5
8.539999998902204E-4 965 9
9.76999999693362E-4 970 14
9.149999996225233E-4 3020 33
0.0010380000003351597 1930 23
0.0012820000001738663 1949 22
5.490000003192108E-4 14987 49
5.489999994097161E-4 933 8
6.709999997838167E-4 3030 40
8.550000002287561E-4 888 9
7.930000001579174E-4 2001 24
7.940000004964531E-4 945 14
7.319999995161197E-4 1020 9
7.939999995869584E-4 1027 15
8.549999993192614E-4 3944 50
8.550000002287561E-4 1946 24
7.930000001579174E-4 1032 9
6.709999997838167E-4 9940 7
7.329999998546555E-4 2009 24
7.930000001579174E-4 970 12
7.329999998546555E-4 972 11
7.930000001579174E-4 3554 26
0.007629000000633823 11972 27
7.930000001579174E-4 1462 19
8.550000002287561E-4 977 9
6.709999997838167E-4 976 14
6.720000001223525E-4 961 8
7.319999995161197E-4 954 13
4.890000000159489E-4 5045 57
7.319999995161197E-4 916 12
7.329999998546555E-4 990 9
0.007629000000633823 11520 11
8.539999998902204E-4 467 7
9.149999996225233E-4 1925 25
8.550000002287561E-4 3024 35
8.539999998902204E-4 1961 24
0.001037999999425665 2947 38
9.15000000532018E-4 1028 9
7.930000001579174E-4 12949 29
7.939999995869584E-4 941 10
9.76000000264321E-4 2989 38
0.001097999999728927 1997 24
0.0011599999997997656 2936 32
0.0015260000000125729 996 12
0.0014649999993707752 1889 19
0.0016480000003866735 13926 32
0.0015870000006543705 1938 20
0.0016480000003866735 3914 42
0.001097999999728927 2905 32
0.0014650000002802699 973 11
9.15000000532018E-4 16996 25
9.76999999693362E-4 1934 22
0.001097999999728927 942 12
0.0011600000007092603 1050 9
0.0012200000001030276 4945 60
0.010865000000194414 9535 8
9.149999996225233E-4 2393 30
0.0010990000000674627 1000 15
9.159999999610591E-4 1011 9
0.0012200000001030276 3007 40
9.15000000532018E-4 2932 38
9.76999999693362E-4 993 10
0.001036999999996624 4975 30
0.001097999999728927 2991 41
0.005188000000089232 4563 11
0.0016480000003866735 413 5
0.0014039999996384722 3922 50
0.0010380000003351597 1022 9
0.012938999999278167 10526 11
0.0013429999999061693 1345 18
0.0011599999997997656 978 9
0.0010990000000674627 2983 39
0.0010990000000674627 1953 23
0.0011589999994612299 4007 48
0.0012209999995320686 17952 29
0.001036999999996624 1970 24
0.0010990000000674627 1007 11
0.001036999999996624 20907 103
0.0011599999997997656 1019 12
0.0010380000003351597 13943 77
0.0010980000006384216 3987 28
0.0011599999997997656 995 13
0.0013429999999061693 6973 22
0.0010990000000674627 2985 34
9.759999993548263E-4 1946 24
0.0010990000000674627 6993 14
8.539999998902204E-4 4989 17
9.770000006028567E-4 988 15
0.0010380000003351597 2005 25
0.0013429999999061693 913 8
0.0014650000002802699 6921 10
0.007872999999563035 7490 11
0.0012210000004415633 1422 16
9.15000000532018E-4 2020 23
9.76999999693362E-4 939 13
0.001952999999957683 26992 85
0.0014649999993707752 2976 32
9.159999999610591E-4 2988 39
7.930000001579174E-4 1003 9
9.76999999693362E-4 986 14
8.54000000799715E-4 945 8
0.001952999999957683 11001 26
0.0016479999994771788 940 8
0.00189200000022538 1008 14
0.0017090000001189765 951 9
0.001831000000493077 2986 39
0.0017699999998512794 3013 34
0.0018929999996544211 1901 23
0.00189200000022538 1033 14
0.0010990000000674627 8961 6
0.0010380000003351597 951 12
0.0012819999992643716 2985 23
0.0017699999998512794 1937 24
0.0016480000003866735 3979 46
0.0017090000001189765 999 13
0.0012809999998353305 1906 24
6.709999997838167E-4 3991 50
9.76999999693362E-4 957 13
0.0017090000001189765 975 13
0.0012200000001030276 8959 22
0.0010380000003351597 989 18
0.0012819999992643716 1003 28
9.76000000264321E-4 938 17
0.0010990000000674627 3003 78
9.149999996225233E-4 930 17
6.100000000515138E-4 2013 49
6.720000001223525E-4 950 28
7.939999995869584E-4 1438 32
5.499999997482519E-4 1952 47
8.550000002287561E-4 1957 47
9.76000000264321E-4 986 27
8.539999998902204E-4 1979 44
7.329999998546555E-4 2036 44
5.490000003192108E-4 920 17
7.939999995869584E-4 1016 27
7.320000004256144E-4 942 16
7.929999992484227E-4 2015 52
0.02002000000084081 16657 15
7.319999995161197E-4 2286 57
9.159999999610591E-4 2993 80
7.320000004256144E-4 975 18
8.550000002287561E-4 5994 149
7.929999992484227E-4 2948 80
9.770000006028567E-4 13014 19
8.539999998902204E-4 4978 134
7.329999998546555E-4 993 19
8.539999998902204E-4 943 27
7.329999998546555E-4 991 22
0.001036999999996624 2974 79
8.550000002287561E-4 1004 22
0.001097999999728927 2983 80
0.015992000000551343 16530 9
0.0011589999994612299 398 11
9.15000000532018E-4 3991 97
9.159999999610591E-4 975 25
0.01330599999982951 15957 102
0.0012820000001738663 356 8
0.0010990000000674627 2004 54
9.76999999693362E-4 4938 119
0.0012200000001030276 958 28
7.939999995869584E-4 972 18
0.02246099999956641 22593 66
0.001097999999728927 1303 28
0.0011599999997997656 993 30
0.01196299999992334 13532 33
9.159999999610591E-4 3391 82
0.001036999999996624 927 28
9.770000006028567E-4 1023 19
0.001036999999996624 2975 78
9.159999999610591E-4 1003 21
0.0012210000004415633 928 28
0.01592999999957101 17624 34
0.0010990000000674627 356 8
9.770000006028567E-4 943 24
9.759999993548263E-4 998 25
0.0010990000000674627 983 26
9.15000000532018E-4 1000 23
9.159999999610591E-4 969 27
0.0010990000000674627 5020 127
0.0010980000006384216 973 25
0.01916499999970256 16537 12
0.0010990000000674627 2383 63
0.001036999999996624 1965 48
8.550000002287561E-4 965 18
0.001036999999996624 987 29
0.001036999999996624 1959 48
0.0015250000005835318 5999 145
9.76999999693362E-4 2964 69
0.0012200000001030276 985 27
0.0011599999997997656 988 22
0.0011599999997997656 968 28
0.014954000000216183 15628 84
0.0011590000003707246 1273 28
0.0012209999995320686 997 28
0.0016479999994771788 5989 145
0.001524999999674037 931 17
0.0014039999996384722 3957 99
0.02624500000001717 18568 66
0.002013999999689986 1403 29
0.00189200000022538 1928 49
0.00189200000022538 16969 19
0.001952999999957683 909 26
0.002013999999689986 1968 47
0.001952999999957683 4957 125
0.001952999999957683 2906 81
0.001952999999957683 990 18
0.0018919999993158854 1935 50
0.01843300000018644 13665 40
0.002013999999689986 215 4
8.550000002287561E-4 4937 108
0.0012809999998353305 950 24
0.001036999999996624 2990 57
0.0012820000001738663 915 23
0.0012820000001738663 1949 39
0.0012200000001030276 961 17
0.0013429999999061693 960 29
0.0012820000001738663 14047 144
0.0012200000001030276 903 14
0.0011599999997997656 5982 125
0.001404000000547967 954 24
0.001036999999996624 2940 58
0.0014039999996384722 20988 22
0.001036999999996624 2902 59
0.0012820000001738663 918 18
0.0012209999995320686 3960 83
9.15000000532018E-4 2954 57
0.0010990000000674627 3966 82
0.0014649999993707752 965 27
0.0011590000003707246 2965 74
0.015014999999948486 16598 13
0.0011599999997997656 278 4
0.0011590000003707246 945 24
9.159999999610591E-4 968 15
0.001097999999728927 4020 84
0.0013429999999061693 910 23
0.0010380000003351597 981 15
0.0017089999992094818 994 26
0.001036999999996624 912 18
0.0011600000007092603 1008 30
8.550000002287561E-4 4006 98
6.709999997838167E-4 976 18
9.159999999610591E-4 1006 27
7.930000001579174E-4 953 20
0.0014030000002094312 3013 69
0.0018319999999221181 1913 38
0.0017090000001189765 3947 83
0.0017699999998512794 960 13
0.001831000000493077 988 26
0.001524999999674037 941 17
0.0018319999999221181 1014 26
0.0018319999999221181 5951 145
0.0017699999998512794 979 28
0.00189200000022538 971 18
0.0017699999998512794 1959 46
0.0018309999995835824 995 28
0.001831000000493077 1001 18
0.0017090000001189765 963 25
0.001831000000493077 1983 51
0.0018309999995835824 2000 49
0.0017699999998512794 1974 45
0.00189200000022538 978 19
0.0018309999995835824 943 26
0.0017699999998512794 4004 95
0.00189200000022538 988 19
0.0017090000001189765 993 28
8.550000002287561E-4 930 17
0.0014039999996384722 1019 21
9.76000000264321E-4 962 19
9.76999999693362E-4 1945 47
0.0012810000007448252 999 27
9.76999999693362E-4 1009 20
9.76000000264321E-4 1981 47
9.15000000532018E-4 1949 48
0.0012820000001738663 991 28
9.76999999693362E-4 1001 18
0.0010990000000674627 2008 50
0.0010380000003351597 3941 96
9.76000000264321E-4 980 24
9.159999999610591E-4 949 23
9.15000000532018E-4 6976 162
0.0012820000001738663 976 26
0.0012809999998353305 1949 49
0.0010380000003351597 994 18
0.0012820000001738663 2957 75
0.0013429999999061693 2952 65
0.001036999999996624 1992 47
0.0011599999997997656 948 26
0.0012819999992643716 1990 42
9.15000000532018E-4 994 18
0.0010990000000674627 929 24
0.0010990000000674627 2971 74
0.0011590000003707246 961 25
0.001098999999157968 998 21
0.0012210000004415633 996 29
0.0010990000000674627 1947 41
0.0012820000001738663 980 20
9.76999999693362E-4 2972 67
0.001037999999425665 1995 45
0.0012210000004415633 986 27
9.149999996225233E-4 959 17
0.0010990000000674627 958 26
7.930000001579174E-4 1024 18
9.159999999610591E-4 934 25
7.930000001579174E-4 1009 21
8.550000002287561E-4 1968 42
0.0010980000006384216 985 25
0.001037999999425665 1000 23
0.005004999999982829 8616 118
0.0012210000004415633 354 11
8.550000002287561E-4 3954 109
0.001037999999425665 2008 53
9.15000000532018E-4 1013 20
7.930000001579174E-4 12968 122
7.939999995869584E-4 972 26
6.709999997838167E-4 1006 25
6.709999997838167E-4 979 28
7.330000007641502E-4 1016 21
6.710000006933114E-4 2934 78
9.159999999610591E-4 2034 49
8.550000002287561E-4 1957 47
0.029540999999881024 28547 9
0.0011599999997997656 1424 36
0.001036999999996624 1928 49
0.001097999999728927 1990 47
9.76999999693362E-4 1004 19
0.0010990000000674627 2989 79
8.550000002287561E-4 2948 67
9.149999996225233E-4 1000 29
0.0010380000003351597 6968 171
0.0016480000003866735 4986 132
0.0012209999995320686 970 18
0.0015870000006543705 1009 28
0.0012809999998353305 955 21
0.0012209999995320686 1006 30
7.330000007641502E-4 970 18
0.0012200000001030276 2010 49
0.0015870000006543705 1957 46
0.001952999999957683 1979 42
0.001831000000493077 936 26
0.0018919999993158854 2989 65
0.0018919999993158854 6020 146
0.0017699999998512794 2085 37
0.0016479999994771788 1828 39
0.0017699999998512794 996 27
0.0017699999998512794 3011 66
0.0017090000001189765 972 28
0.0017699999998512794 3982 92
0.0014039999996384722 5956 138
0.0015260000000125729 1949 42
0.0012209999995320686 2981 66
0.001343000000815664 4969 122
0.001831000000493077 2964 74
0.0015260000000125729 1932 52
9.76000000264321E-4 3018 71
0.0010990000000674627 908 27
0.00189200000022538 5998 149
0.0016479999994771788 1911 47
9.76000000264321E-4 1023 18
0.0011599999997997656 940 26
0.0012210000004415633 941 17
0.0011590000003707246 2017 47
8.539999998902204E-4 1953 47
9.770000006028567E-4 990 29
7.930000001579174E-4 966 18
9.159999999610591E-4 984 30
8.539999998902204E-4 1016 19
0.0012209999995320686 996 23
0.0012820000001738663 981 21
0.0015870000006543705 2949 73
0.0014039999996384722 946 17
0.0014650000002802699 2994 66
0.0014650000002802699 1910 49
0.002074999999422289 1995 41
0.00189200000022538 1934 41
0.0017699999998512794 938 24
totals: 4.806445999982316 2891 9235866.0 100000
