4.8799999967741314E-4 1726 23
6.709999997838167E-4 221 0
4.2800000028364593E-4 924 13
4.8799999967741314E-4 1902 27
5.499999997482519E-4 908 13
4.8800000058690784E-4 941 14
4.269999999451102E-4 913 15
4.2799999937415123E-4 1927 34
4.269999999451102E-4 924 17
3.660000002128072E-4 936 17
3.660000002128072E-4 1969 34
4.2799999937415123E-4 946 17
3.660000002128072E-4 934 17
5.490000003192108E-4 3948 79
4.2800000028364593E-4 1852 39
3.660000002128072E-4 1957 42
3.660000002128072E-4 7959 177
5.489999994097161E-4 863 18
3.059999999095453E-4 2982 66
3.660000002128072E-4 945 18
3.660000002128072E-4 4942 110
3.660000002128072E-4 920 18
3.0499999957100954E-4 985 20
3.6699999964184826E-4 938 19
4.269999999451102E-4 948 18
3.0500000048050424E-4 929 20
3.6700000055134296E-4 2973 64
3.0499999957100954E-4 950 19
3.0499999957100954E-4 1893 42
3.660000002128072E-4 2960 65
3.0499999957100954E-4 975 21
4.269999999451102E-4 977 19
3.0500000048050424E-4 941 19
3.059999999095453E-4 926 20
4.269999999451102E-4 939 20
3.0500000048050424E-4 941 17
3.0500000048050424E-4 4007 89
3.659999993033125E-4 931 20
3.660000002128072E-4 3929 76
3.0500000048050424E-4 1944 43
4.269999999451102E-4 974 21
3.6699999964184826E-4 968 21
3.660000002128072E-4 2943 65
3.0500000048050424E-4 950 20
3.0499999957100954E-4 2920 65
3.660000002128072E-4 926 20
7.320000004256144E-4 4959 103
6.720000001223525E-4 931 14
9.759999993548263E-4 916 15
5.490000003192108E-4 1870 31
6.109999994805548E-4 931 15
6.720000001223525E-4 2872 47
0.0012809999998353305 945 16
0.0010990000000674627 890 18
0.0012210000004415633 943 19
7.319999995161197E-4 922 20
9.770000006028567E-4 960 19
4.8799999967741314E-4 890 18
4.8799999967741314E-4 983 21
3.0500000048050424E-4 905 19
3.0499999957100954E-4 1999 39
3.0499999957100954E-4 1897 42
3.0500000048050424E-4 3957 85
3.0500000048050424E-4 2942 63
4.269999999451102E-4 895 17
3.059999999095453E-4 977 21
4.269999999451102E-4 969 20
3.0499999957100954E-4 1936 43
3.660000002128072E-4 2944 63
3.0499999957100954E-4 969 21
4.8800000058690784E-4 941 20
3.660000002128072E-4 2968 58
3.0499999957100954E-4 3934 84
4.270000008546049E-4 940 19
3.0500000048050424E-4 2989 66
4.890000000159489E-4 5932 135
4.269999999451102E-4 921 20
3.659999993033125E-4 954 21
4.269999999451102E-4 5972 136
3.659999993033125E-4 3916 90
3.6700000055134296E-4 1984 45
3.0500000048050424E-4 1941 44
3.0499999957100954E-4 1944 44
3.0499999957100954E-4 3957 91
3.660000002128072E-4 1902 42
4.269999999451102E-4 981 22
3.059999999095453E-4 1925 44
3.0499999957100954E-4 2967 68
3.660000002128072E-4 947 21
3.659999993033125E-4 1933 44
3.660000002128072E-4 984 22
4.2799999937415123E-4 2915 67
4.270000008546049E-4 1992 45
6.109999994805548E-4 954 19
6.100000000515138E-4 923 20
3.660000002128072E-4 3918 90
3.659999993033125E-4 987 22
3.059999999095453E-4 2958 66
5.489999994097161E-4 988 22
3.660000002128072E-4 897 20
3.660000002128072E-4 988 22
3.6699999964184826E-4 986 22
3.0500000048050424E-4 941 21
9.149999996225233E-4 959 17
6.710000006933114E-4 1921 31
0.0010990000000674627 1911 31
0.0013419999995676335 871 16
0.0011599999997997656 882 16
0.0010990000000674627 899 19
9.76000000264321E-4 968 16
6.709999997838167E-4 4873 77
6.100000000515138E-4 854 13
4.890000000159489E-4 981 15
5.490000003192108E-4 1897 30
4.8799999967741314E-4 908 14
6.100000000515138E-4 1936 31
9.159999999610591E-4 959 12
6.100000000515138E-4 898 13
4.8799999967741314E-4 925 14
5.499999997482519E-4 958 10
6.709999997838167E-4 2909 40
4.8799999967741314E-4 2859 46
4.269999999451102E-4 1904 31
3.660000002128072E-4 2937 49
5.490000003192108E-4 928 14
3.660000002128072E-4 2871 49
6.100000000515138E-4 932 15
6.720000001223525E-4 888 13
5.489999994097161E-4 894 14
4.2800000028364593E-4 1950 33
3.659999993033125E-4 1938 33
4.2800000028364593E-4 921 15
3.660000002128072E-4 4917 101
4.269999999451102E-4 4980 102
4.269999999451102E-4 898 18
3.660000002128072E-4 1945 43
4.269999999451102E-4 954 19
4.269999999451102E-4 2945 77
3.0500000048050424E-4 1964 82
3.660000002128072E-4 3916 164
3.660000002128072E-4 1976 82
3.6700000055134296E-4 962 39
3.660000002128072E-4 3975 167
3.660000002128072E-4 1958 81
3.0500000048050424E-4 950 39
3.659999993033125E-4 974 40
3.0499999957100954E-4 1937 81
3.660000002128072E-4 1977 82
3.0499999957100954E-4 945 39
3.660000002128072E-4 991 41
6.110000003900495E-4 924 38
4.269999999451102E-4 980 40
3.659999993033125E-4 969 40
3.0500000048050424E-4 943 39
3.6699999964184826E-4 971 40
3.660000002128072E-4 930 38
3.0500000048050424E-4 996 41
3.059999999095453E-4 2902 122
3.659999993033125E-4 2007 84
3.660000002128072E-4 925 38
4.890000000159489E-4 1009 36
3.0500000048050424E-4 2957 125
3.659999993033125E-4 3938 167
3.660000002128072E-4 1941 81
3.0499999957100954E-4 1982 83
4.269999999451102E-4 1988 83
3.0499999957100954E-4 940 39
3.660000002128072E-4 998 41
5.499999997482519E-4 936 33
3.0500000048050424E-4 940 39
3.660000002128072E-4 1974 83
3.660000002128072E-4 2940 124
3.6699999964184826E-4 1998 82
3.660000002128072E-4 969 38
4.269999999451102E-4 1948 75
3.059999999095453E-4 958 39
3.660000002128072E-4 969 40
3.0499999957100954E-4 945 39
3.660000002128072E-4 3964 166
3.0500000048050424E-4 1952 82
3.660000002128072E-4 988 41
3.0499999957100954E-4 924 38
3.660000002128072E-4 3000 121
3.660000002128072E-4 970 40
3.059999999095453E-4 925 38
3.660000002128072E-4 1987 83
3.660000002128072E-4 6962 291
3.6700000055134296E-4 5993 194
3.0499999957100954E-4 1904 36
3.0500000048050424E-4 3966 81
3.0500000048050424E-4 4951 112
4.8799999967741314E-4 1007 19
4.269999999451102E-4 851 17
3.660000002128072E-4 3004 63
3.0499999957100954E-4 923 20
3.6699999964184826E-4 1987 42
2.4500000017724233E-4 4979 109
3.660000002128072E-4 933 21
4.269999999451102E-4 1063 18
3.6699999964184826E-4 2871 62
3.659999993033125E-4 1980 46
3.660000002128072E-4 4019 95
3.660000002128072E-4 1962 45
3.0499999957100954E-4 946 21
3.0600000081904E-4 994 23
3.659999993033125E-4 945 22
3.0500000048050424E-4 986 23
3.0499999957100954E-4 1971 44
3.0500000048050424E-4 8954 215
4.2800000028364593E-4 1967 45
3.0500000048050424E-4 4984 120
3.0499999957100954E-4 3991 94
3.059999999095453E-4 1978 47
3.0500000048050424E-4 2917 69
4.269999999451102E-4 1024 24
3.0499999957100954E-4 1965 46
3.0499999957100954E-4 2931 69
3.0500000048050424E-4 2987 71
3.0499999957100954E-4 984 22
3.659999993033125E-4 3959 94
3.0500000048050424E-4 1968 47
3.6699999964184826E-4 985 23
3.0499999957100954E-4 982 22
4.269999999451102E-4 1969 46
3.660000002128072E-4 2972 70
3.0499999957100954E-4 985 23
3.6699999964184826E-4 2953 70
3.660000002128072E-4 1969 47
3.0500000048050424E-4 929 21
3.659999993033125E-4 985 23
3.0500000048050424E-4 989 23
3.0500000048050424E-4 1927 45
3.0500000048050424E-4 2975 71
3.0500000048050424E-4 4028 97
3.0500000048050424E-4 5924 141
3.6699999964184826E-4 980 23
3.0500000048050424E-4 987 23
6.709999997838167E-4 989 21
3.659999993033125E-4 3956 91
3.660000002128072E-4 4915 113
3.0499999957100954E-4 4945 117
3.659999993033125E-4 2922 69
5.489999994097161E-4 1980 46
7.940000004964531E-4 954 21
3.660000002128072E-4 2989 71
3.0499999957100954E-4 3975 93
4.2800000028364593E-4 922 19
3.660000002128072E-4 1026 24
3.0499999957100954E-4 3933 94
3.659999993033125E-4 6970 166
3.0499999957100954E-4 1970 47
4.2800000028364593E-4 958 21
3.0500000048050424E-4 1959 43
3.0499999957100954E-4 1945 46
3.059999999095453E-4 924 20
3.659999993033125E-4 1953 45
3.660000002128072E-4 3916 89
3.660000002128072E-4 1940 43
3.059999999095453E-4 973 22
3.660000002128072E-4 1989 46
3.6699999964184826E-4 3001 70
3.660000002128072E-4 2919 68
3.660000002128072E-4 2997 68
4.2799999937415123E-4 2996 68
3.660000002128072E-4 921 21
3.0500000048050424E-4 964 22
3.659999993033125E-4 1000 23
3.6699999964184826E-4 1949 46
0.001037999999425665 2018 47
6.709999997838167E-4 2915 65
6.709999997838167E-4 2035 42
3.660000002128072E-4 1864 39
4.2800000028364593E-4 1000 22
4.2800000028364593E-4 3969 73
3.659999993033125E-4 1967 35
3.0500000048050424E-4 3934 83
3.0500000048050424E-4 2019 45
3.6699999964184826E-4 1930 45
3.660000002128072E-4 975 22
3.0500000048050424E-4 1967 47
3.660000002128072E-4 4965 116
3.0500000048050424E-4 2027 47
3.660000002128072E-4 2929 68
3.0499999957100954E-4 971 22
3.660000002128072E-4 979 22
3.0500000048050424E-4 2018 46
4.269999999451102E-4 970 22
3.0499999957100954E-4 929 21
3.0500000048050424E-4 1013 23
3.6699999964184826E-4 969 22
3.660000002128072E-4 2993 69
3.6699999964184826E-4 1976 46
3.0499999957100954E-4 977 22
6.100000000515138E-4 943 21
3.059999999095453E-4 2013 47
3.660000002128072E-4 928 21
3.0499999957100954E-4 972 22
3.6700000055134296E-4 2995 70
3.659999993033125E-4 977 22
3.0499999957100954E-4 1983 46
3.660000002128072E-4 973 22
3.660000002128072E-4 1972 45
3.660000002128072E-4 5004 118
3.0500000048050424E-4 2982 70
3.0499999957100954E-4 1939 45
3.059999999095453E-4 4963 116
4.269999999451102E-4 1009 23
3.0499999957100954E-4 1978 46
3.660000002128072E-4 927 21
3.0499999957100954E-4 6987 164
3.059999999095453E-4 3979 94
3.660000002128072E-4 1013 23
3.0499999957100954E-4 2987 70
3.6700000055134296E-4 937 21
3.660000002128072E-4 1972 46
3.0500000048050424E-4 5002 117
3.6699999964184826E-4 2983 70
3.660000002128072E-4 968 22
3.660000002128072E-4 2009 46
5.490000003192108E-4 931 21
3.6699999964184826E-4 925 21
3.0500000048050424E-4 1013 23
4.269999999451102E-4 972 22
3.0499999957100954E-4 1011 23
3.0500000048050424E-4 967 22
3.6699999964184826E-4 994 21
3.660000002128072E-4 964 22
3.0499999957100954E-4 1012 23
4.269999999451102E-4 2967 69
3.660000002128072E-4 933 21
3.660000002128072E-4 1020 23
3.6699999964184826E-4 1986 46
2.4400000074820127E-4 934 21
4.269999999451102E-4 970 22
3.0500000048050424E-4 1966 46
3.660000002128072E-4 1986 47
3.0499999957100954E-4 1983 45
4.2800000028364593E-4 969 22
3.0500000048050424E-4 943 22
3.659999993033125E-4 994 22
3.0500000048050424E-4 988 23
3.0499999957100954E-4 1972 47
3.059999999095453E-4 957 21
3.660000002128072E-4 2046 48
3.0499999957100954E-4 984 22
3.660000002128072E-4 948 21
3.059999999095453E-4 988 23
4.269999999451102E-4 3966 93
3.059999999095453E-4 981 23
3.0499999957100954E-4 1945 45
0.0012210000004415633 3857 47
3.0500000048050424E-4 2073 48
3.0499999957100954E-4 1971 46
3.6699999964184826E-4 6980 166
3.659999993033125E-4 1986 47
3.660000002128072E-4 975 23
3.0500000048050424E-4 936 22
4.890000000159489E-4 1038 22
3.659999993033125E-4 906 18
3.0500000048050424E-4 1023 23
3.0499999957100954E-4 1922 44
3.6700000055134296E-4 978 22
3.0499999957100954E-4 977 22
3.660000002128072E-4 1018 23
3.0499999957100954E-4 945 21
3.660000002128072E-4 992 23
3.059999999095453E-4 991 23
3.0500000048050424E-4 991 23
3.660000002128072E-4 3001 69
3.059999999095453E-4 989 23
3.660000002128072E-4 1975 46
3.0500000048050424E-4 946 22
3.659999993033125E-4 1026 24
3.0600000081904E-4 946 21
3.6700000055134296E-4 9977 234
3.0499999957100954E-4 1007 23
3.660000002128072E-4 5931 141
3.659999993033125E-4 1007 23
3.0500000048050424E-4 1002 23
5.499999997482519E-4 968 22
3.0499999957100954E-4 1960 46
3.660000002128072E-4 1956 44
3.059999999095453E-4 999 23
3.660000002128072E-4 2952 70
4.2800000028364593E-4 967 22
3.659999993033125E-4 998 23
3.660000002128072E-4 960 22
3.660000002128072E-4 6018 145
3.6700000055134296E-4 1990 48
3.0499999957100954E-4 943 20
3.660000002128072E-4 1009 24
3.0499999957100954E-4 1977 48
3.6700000055134296E-4 966 22
3.0499999957100954E-4 1008 24
3.0499999957100954E-4 1967 48
3.660000002128072E-4 8983 215
3.0499999957100954E-4 975 23
3.660000002128072E-4 5015 122
3.660000002128072E-4 933 22
3.0500000048050424E-4 2011 46
3.660000002128072E-4 1976 47
3.0499999957100954E-4 2998 72
3.0499999957100954E-4 2941 70
3.0499999957100954E-4 2981 70
3.660000002128072E-4 1009 24
3.660000002128072E-4 968 23
3.059999999095453E-4 1013 24
4.269999999451102E-4 1011 21
6.709999997838167E-4 4951 116
4.8799999967741314E-4 981 20
3.0500000048050424E-4 978 23
3.6699999964184826E-4 964 21
3.660000002128072E-4 970 23
3.0499999957100954E-4 5965 146
3.660000002128072E-4 1002 23
3.0499999957100954E-4 2972 73
3.0500000048050424E-4 2024 49
3.0499999957100954E-4 934 22
4.890000000159489E-4 1009 21
3.0499999957100954E-4 1996 46
3.0500000048050424E-4 1976 48
3.660000002128072E-4 6979 168
3.659999993033125E-4 974 23
3.660000002128072E-4 5001 122
3.660000002128072E-4 965 22
3.6699999964184826E-4 7006 172
3.0500000048050424E-4 968 23
3.0499999957100954E-4 1014 24
3.660000002128072E-4 932 22
3.0499999957100954E-4 3036 74
3.660000002128072E-4 931 22
3.659999993033125E-4 2042 48
3.0500000048050424E-4 930 22
3.6699999964184826E-4 982 23
4.269999999451102E-4 3022 74
3.059999999095453E-4 1961 47
3.0499999957100954E-4 2015 49
3.660000002128072E-4 4962 122
3.0499999957100954E-4 960 22
3.059999999095453E-4 2008 48
3.0500000048050424E-4 964 22
3.0499999957100954E-4 2979 71
5.490000003192108E-4 3982 94
7.319999995161197E-4 3017 67
4.8799999967741314E-4 1920 41
3.660000002128072E-4 3977 90
3.0499999957100954E-4 3985 74
4.270000008546049E-4 1004 21
3.659999993033125E-4 937 22
3.660000002128072E-4 3003 71
3.6699999964184826E-4 3008 66
3.660000002128072E-4 938 20
3.059999999095453E-4 9004 216
3.660000002128072E-4 976 23
3.0500000048050424E-4 978 23
3.659999993033125E-4 974 22
3.0499999957100954E-4 3042 74
3.660000002128072E-4 923 20
3.660000002128072E-4 2021 48
4.269999999451102E-4 4003 95
3.0500000048050424E-4 957 22
3.6699999964184826E-4 1004 23
3.0500000048050424E-4 1963 46
3.660000002128072E-4 958 22
3.0500000048050424E-4 4001 95
3.660000002128072E-4 998 22
3.0499999957100954E-4 979 23
3.0500000048050424E-4 1979 48
4.269999999451102E-4 1010 23
4.8799999967741314E-4 916 21
3.059999999095453E-4 1975 47
3.660000002128072E-4 1013 23
3.0499999957100954E-4 934 22
3.660000002128072E-4 1013 24
3.059999999095453E-4 1981 47
3.660000002128072E-4 1010 24
3.0499999957100954E-4 928 22
3.660000002128072E-4 1049 25
3.0500000048050424E-4 4988 119
3.659999993033125E-4 933 22
3.660000002128072E-4 2024 49
3.660000002128072E-4 2985 72
3.059999999095453E-4 974 23
3.660000002128072E-4 975 22
3.659999993033125E-4 1949 47
4.2800000028364593E-4 2000 46
3.0499999957100954E-4 971 23
3.0500000048050424E-4 1974 48
3.660000002128072E-4 1012 23
4.890000000159489E-4 997 23
4.269999999451102E-4 954 22
3.660000002128072E-4 1974 46
3.0499999957100954E-4 1008 24
3.0500000048050424E-4 1932 47
3.0499999957100954E-4 1976 47
3.0500000048050424E-4 1010 24
4.2799999937415123E-4 1007 24
3.660000002128072E-4 1008 21
3.0499999957100954E-4 1947 47
7.319999995161197E-4 2973 73
7.930000001579174E-4 4981 120
3.660000002128072E-4 2982 63
3.6699999964184826E-4 928 21
3.0499999957100954E-4 2992 69
3.0500000048050424E-4 7955 173
3.659999993033125E-4 1018 21
3.660000002128072E-4 973 20
3.0500000048050424E-4 2994 63
3.0500000048050424E-4 2990 63
3.6699999964184826E-4 971 20
3.0500000048050424E-4 969 20
6.709999997838167E-4 959 18
4.269999999451102E-4 840 17
3.6699999964184826E-4 1019 21
3.660000002128072E-4 884 18
3.0500000048050424E-4 977 19
5.490000003192108E-4 1988 42
3.6699999964184826E-4 1014 21
3.0500000048050424E-4 3994 85
3.660000002128072E-4 1977 41
3.659999993033125E-4 967 20
3.660000002128072E-4 1011 21
3.0499999957100954E-4 3964 84
3.660000002128072E-4 1006 20
3.0499999957100954E-4 971 20
3.0499999957100954E-4 1985 42
4.269999999451102E-4 972 17
3.0500000048050424E-4 968 20
3.0499999957100954E-4 1012 21
4.2800000028364593E-4 969 20
3.0499999957100954E-4 1012 20
4.8800000058690784E-4 986 20
4.890000000159489E-4 1980 36
3.0499999957100954E-4 970 19
3.660000002128072E-4 6020 128
3.0499999957100954E-4 967 19
4.2800000028364593E-4 967 18
4.8799999967741314E-4 966 20
9.76000000264321E-4 1023 17
6.709999997838167E-4 2996 62
9.159999999610591E-4 2006 41
0.001097999999728927 1870 34
0.0010380000003351597 881 17
8.539999998902204E-4 983 19
4.269999999451102E-4 1970 40
3.660000002128072E-4 1042 21
3.660000002128072E-4 2942 60
3.0499999957100954E-4 972 20
5.500000006577466E-4 1008 19
3.0499999957100954E-4 970 19
3.659999993033125E-4 3007 62
3.059999999095453E-4 964 19
3.660000002128072E-4 972 20
3.660000002128072E-4 973 20
3.0499999957100954E-4 1011 19
3.659999993033125E-4 3008 62
3.0500000048050424E-4 970 20
3.660000002128072E-4 1969 38
3.0499999957100954E-4 2993 63
3.660000002128072E-4 1989 42
3.059999999095453E-4 970 20
4.269999999451102E-4 3054 58
3.0499999957100954E-4 2922 56
3.660000002128072E-4 974 20
3.0500000048050424E-4 972 20
3.6699999964184826E-4 992 19
3.660000002128072E-4 1983 42
3.0499999957100954E-4 1947 41
3.6700000055134296E-4 1014 21
3.0499999957100954E-4 974 20
3.660000002128072E-4 975 20
3.0500000048050424E-4 5018 107
3.659999993033125E-4 971 20
3.6699999964184826E-4 1986 42
3.0500000048050424E-4 975 20
3.659999993033125E-4 970 20
3.659999993033125E-4 2027 35
3.6700000055134296E-4 970 18
3.0500000048050424E-4 1989 41
3.659999993033125E-4 997 20
3.059999999095453E-4 1956 40
3.660000002128072E-4 973 20
3.659999993033125E-4 2022 41
3.0500000048050424E-4 968 20
3.059999999095453E-4 970 20
3.660000002128072E-4 1019 21
3.659999993033125E-4 974 20
3.0500000048050424E-4 1017 21
3.0499999957100954E-4 1985 42
3.0500000048050424E-4 1944 41
3.0499999957100954E-4 971 20
3.660000002128072E-4 4030 86
3.0500000048050424E-4 2951 63
3.6699999964184826E-4 1013 21
3.0499999957100954E-4 969 20
3.6700000055134296E-4 3997 84
3.0500000048050424E-4 5953 124
3.660000002128072E-4 5004 105
3.0499999957100954E-4 2982 61
3.0500000048050424E-4 995 20
3.0500000048050424E-4 2975 62
3.0500000048050424E-4 1986 41
3.0500000048050424E-4 1983 40
3.659999993033125E-4 992 20
3.0500000048050424E-4 1980 41
3.6699999964184826E-4 991 20
3.660000002128072E-4 2993 62
3.659999993033125E-4 990 20
3.0600000081904E-4 989 20
3.6699999964184826E-4 4952 104
3.0500000048050424E-4 972 19
3.660000002128072E-4 991 20
3.6699999964184826E-4 3027 63
3.0500000048050424E-4 947 19
3.660000002128072E-4 3015 63
3.660000002128072E-4 2977 62
3.0500000048050424E-4 995 20
3.659999993033125E-4 992 20
3.660000002128072E-4 992 20
3.660000002128072E-4 4974 104
3.0500000048050424E-4 3959 83
3.659999993033125E-4 3022 63
3.659999993033125E-4 2965 62
3.660000002128072E-4 2971 61
4.890000000159489E-4 990 20
3.660000002128072E-4 1983 41
3.660000002128072E-4 951 19
8.550000002287561E-4 993 20
0.001036999999996624 1000 20
6.720000001223525E-4 3011 61
4.2800000028364593E-4 2916 60
3.0499999957100954E-4 1984 41
4.269999999451102E-4 993 20
3.659999993033125E-4 4009 82
3.660000002128072E-4 2979 62
3.660000002128072E-4 2928 61
3.660000002128072E-4 2030 42
3.0499999957100954E-4 1931 40
3.660000002128072E-4 1023 21
3.0500000048050424E-4 3000 62
6.709999997838167E-4 966 19
3.0499999957100954E-4 2959 63
3.660000002128072E-4 929 19
3.6699999964184826E-4 2010 44
3.660000002128072E-4 988 21
3.0499999957100954E-4 984 21
3.0500000048050424E-4 956 21
3.059999999095453E-4 6994 149
3.660000002128072E-4 974 20
3.660000002128072E-4 1994 42
3.059999999095453E-4 1982 42
4.269999999451102E-4 1037 19
3.660000002128072E-4 1982 42
3.0500000048050424E-4 969 20
3.659999993033125E-4 1998 42
3.0600000081904E-4 3994 84
3.0499999957100954E-4 3977 85
3.6700000055134296E-4 1018 21
3.0499999957100954E-4 972 20
3.660000002128072E-4 999 20
3.0499999957100954E-4 969 20
3.6700000055134296E-4 2023 42
4.8799999967741314E-4 966 12
3.0499999957100954E-4 948 19
3.660000002128072E-4 5018 106
3.659999993033125E-4 1942 41
3.0499999957100954E-4 1990 42
3.660000002128072E-4 2025 42
3.0500000048050424E-4 2984 64
3.660000002128072E-4 972 20
3.0499999957100954E-4 1017 21
3.059999999095453E-4 1989 42
3.0500000048050424E-4 957 19
3.0499999957100954E-4 1981 42
3.660000002128072E-4 1019 21
3.059999999095453E-4 6015 108
3.660000002128072E-4 949 21
3.059999999095453E-4 4015 87
3.660000002128072E-4 996 20
3.659999993033125E-4 979 19
3.0500000048050424E-4 972 20
3.0499999957100954E-4 960 19
3.6700000055134296E-4 1019 21
3.660000002128072E-4 1983 41
3.0500000048050424E-4 4979 106
3.660000002128072E-4 3009 64
3.0500000048050424E-4 2938 62
3.660000002128072E-4 1014 21
3.059999999095453E-4 1989 42
3.660000002128072E-4 4011 85
3.059999999095453E-4 972 20
3.660000002128072E-4 973 20
3.660000002128072E-4 2033 43
3.660000002128072E-4 977 20
3.0500000048050424E-4 1989 42
3.0499999957100954E-4 973 20
3.0499999957100954E-4 1967 41
3.660000002128072E-4 1020 21
3.0499999957100954E-4 3950 85
3.660000002128072E-4 3020 64
3.659999993033125E-4 1015 21
3.0499999957100954E-4 1939 41
3.6700000055134296E-4 1020 21
3.660000002128072E-4 972 20
3.0499999957100954E-4 1019 21
3.0500000048050424E-4 969 19
3.659999993033125E-4 972 20
3.6700000055134296E-4 1021 21
3.0499999957100954E-4 2942 62
3.0500000048050424E-4 4033 86
3.660000002128072E-4 1984 42
3.059999999095453E-4 974 20
3.660000002128072E-4 1015 21
3.660000002128072E-4 1982 42
3.660000002128072E-4 989 20
3.059999999095453E-4 1979 42
3.660000002128072E-4 976 20
3.0499999957100954E-4 967 19
3.660000002128072E-4 2038 43
3.059999999095453E-4 974 20
3.660000002128072E-4 1007 20
3.6699999964184826E-4 3947 83
3.0499999957100954E-4 2032 43
3.0500000048050424E-4 973 20
3.659999993033125E-4 966 19
3.0600000081904E-4 1019 21
3.0500000048050424E-4 1944 41
3.660000002128072E-4 1047 21
3.6699999964184826E-4 1941 41
3.0500000048050424E-4 4012 85
3.6699999964184826E-4 972 20
3.660000002128072E-4 1024 21
3.659999993033125E-4 946 17
3.660000002128072E-4 978 20
3.0500000048050424E-4 1016 21
3.6699999964184826E-4 966 19
3.0500000048050424E-4 1014 21
3.0499999957100954E-4 969 20
3.660000002128072E-4 970 20
3.660000002128072E-4 1050 21
3.6699999964184826E-4 1983 42
3.0500000048050424E-4 969 20
3.059999999095453E-4 4008 85
3.660000002128072E-4 996 20
3.0499999957100954E-4 971 20
3.0500000048050424E-4 970 20
3.659999993033125E-4 1017 21
3.0499999957100954E-4 4979 106
3.0499999957100954E-4 3001 64
4.269999999451102E-4 973 20
3.059999999095453E-4 1985 42
3.660000002128072E-4 969 20
3.0499999957100954E-4 1042 21
3.0500000048050424E-4 1940 41
3.6699999964184826E-4 1015 21
3.0499999957100954E-4 975 20
3.660000002128072E-4 2031 43
3.059999999095453E-4 2978 63
3.0499999957100954E-4 1940 41
3.660000002128072E-4 1022 21
3.0499999957100954E-4 970 20
3.6700000055134296E-4 1020 21
3.0499999957100954E-4 970 20
3.660000002128072E-4 2015 42
3.059999999095453E-4 1943 41
3.659999993033125E-4 2999 63
3.0500000048050424E-4 1018 21
3.660000002128072E-4 1997 42
4.8799999967741314E-4 960 19
3.0499999957100954E-4 1986 41
3.659999993033125E-4 1992 42
3.0500000048050424E-4 973 20
3.659999993033125E-4 2009 42
3.0600000081904E-4 969 20
3.0499999957100954E-4 975 20
3.0500000048050424E-4 976 20
3.660000002128072E-4 2033 43
3.660000002128072E-4 1971 41
3.0499999957100954E-4 2003 33
3.660000002128072E-4 1003 20
3.059999999095453E-4 962 19
3.660000002128072E-4 969 20
3.0499999957100954E-4 2013 42
3.6699999964184826E-4 1992 42
3.0499999957100954E-4 973 20
3.659999993033125E-4 2996 64
3.660000002128072E-4 972 20
3.059999999095453E-4 968 20
3.659999993033125E-4 2032 42
3.0500000048050424E-4 973 20
3.0499999957100954E-4 972 20
4.2800000028364593E-4 1020 21
3.0499999957100954E-4 1990 42
3.660000002128072E-4 1018 21
3.6700000055134296E-4 1986 42
3.660000002128072E-4 1950 41
3.659999993033125E-4 4034 72
4.269999999451102E-4 976 15
3.659999993033125E-4 1968 41
3.6700000055134296E-4 970 20
3.0499999957100954E-4 1009 20
3.0500000048050424E-4 973 20
3.660000002128072E-4 4018 86
3.659999993033125E-4 1987 42
3.059999999095453E-4 1989 42
3.660000002128072E-4 2956 62
3.660000002128072E-4 1015 21
3.660000002128072E-4 4980 107
3.6699999964184826E-4 1982 42
3.0500000048050424E-4 2996 64
3.0499999957100954E-4 971 20
4.269999999451102E-4 3040 65
3.0499999957100954E-4 1929 40
3.059999999095453E-4 1018 21
3.660000002128072E-4 972 20
3.660000002128072E-4 1986 42
3.660000002128072E-4 2998 63
3.0499999957100954E-4 1018 21
3.660000002128072E-4 971 20
3.0500000048050424E-4 1019 21
3.0499999957100954E-4 972 20
3.660000002128072E-4 1984 42
3.0500000048050424E-4 970 20
3.659999993033125E-4 1012 20
3.0500000048050424E-4 970 20
3.6699999964184826E-4 1018 21
9.15000000532018E-4 957 18
0.0010990000000674627 976 19
0.0010380000003351597 1999 40
5.500000006577466E-4 1978 41
6.099999991420191E-4 983 21
3.660000002128072E-4 915 20
3.6699999964184826E-4 2004 44
4.269999999451102E-4 1028 22
3.660000002128072E-4 937 20
3.059999999095453E-4 2019 45
3.660000002128072E-4 2975 64
3.660000002128072E-4 985 20
3.059999999095453E-4 1012 23
3.660000002128072E-4 3968 86
3.660000002128072E-4 7956 177
3.660000002128072E-4 1038 22
5.490000003192108E-4 906 19
3.659999993033125E-4 1994 42
3.0500000048050424E-4 1998 42
3.0499999957100954E-4 4002 91
3.6699999964184826E-4 1975 41
3.0500000048050424E-4 954 20
3.660000002128072E-4 989 22
3.0499999957100954E-4 1034 22
3.6699999964184826E-4 1979 45
3.0500000048050424E-4 989 22
3.0499999957100954E-4 6004 127
3.660000002128072E-4 981 20
3.059999999095453E-4 1956 40
3.660000002128072E-4 986 20
3.660000002128072E-4 1028 21
3.0499999957100954E-4 942 19
3.660000002128072E-4 993 19
3.059999999095453E-4 1026 21
4.269999999451102E-4 2988 60
3.6700000055134296E-4 985 22
3.0500000048050424E-4 1981 42
7.930000001579174E-4 3004 62
4.269999999451102E-4 1964 41
3.0500000048050424E-4 1971 41
3.660000002128072E-4 987 20
3.0499999957100954E-4 2019 41
3.660000002128072E-4 986 20
3.0500000048050424E-4 951 19
3.659999993033125E-4 983 20
3.6699999964184826E-4 2039 43
3.0500000048050424E-4 982 20
3.660000002128072E-4 968 19
3.0499999957100954E-4 979 20
3.660000002128072E-4 1028 21
3.059999999095453E-4 936 19
3.0499999957100954E-4 2011 42
3.660000002128072E-4 1030 21
3.0499999957100954E-4 981 20
3.659999993033125E-4 1965 41
3.660000002128072E-4 981 20
3.059999999095453E-4 2995 60
3.0500000048050424E-4 1997 42
4.269999999451102E-4 997 19
3.0499999957100954E-4 985 20
3.6700000055134296E-4 990 20
3.0499999957100954E-4 1968 41
3.660000002128072E-4 3988 83
3.0499999957100954E-4 983 20
3.0500000048050424E-4 985 20
3.0499999957100954E-4 985 20
3.660000002128072E-4 1033 21
3.059999999095453E-4 983 20
5.490000003192108E-4 950 19
4.8799999967741314E-4 3984 83
3.0500000048050424E-4 2003 37
3.0499999957100954E-4 937 19
4.2800000028364593E-4 1030 21
3.0499999957100954E-4 982 20
3.660000002128072E-4 1981 40
3.0499999957100954E-4 985 20
4.269999999451102E-4 2013 42
3.0500000048050424E-4 983 20
3.0499999957100954E-4 969 20
3.0500000048050424E-4 983 20
3.0500000048050424E-4 3989 84
3.660000002128072E-4 1031 21
3.0499999957100954E-4 939 19
3.6699999964184826E-4 981 20
3.660000002128072E-4 2036 42
3.0499999957100954E-4 978 20
3.6699999964184826E-4 2008 42
3.660000002128072E-4 983 20
3.0500000048050424E-4 1989 42
3.0600000081904E-4 1964 41
4.8799999967741314E-4 1974 38
3.059999999095453E-4 2995 58
4.269999999451102E-4 3990 87
3.6699999964184826E-4 5986 134
3.660000002128072E-4 1007 20
3.0499999957100954E-4 982 20
3.660000002128072E-4 1966 41
3.059999999095453E-4 1996 41
3.660000002128072E-4 982 20
3.660000002128072E-4 1031 21
3.660000002128072E-4 1962 41
3.059999999095453E-4 981 20
3.0500000048050424E-4 1031 21
3.0499999957100954E-4 939 19
3.660000002128072E-4 2037 43
3.059999999095453E-4 979 22
3.659999993033125E-4 985 21
3.0500000048050424E-4 977 22
3.660000002128072E-4 1977 44
3.0499999957100954E-4 3014 64
3.660000002128072E-4 980 20
3.0500000048050424E-4 961 19
3.6699999964184826E-4 1027 21
3.0500000048050424E-4 979 20
3.0499999957100954E-4 982 20
3.0499999957100954E-4 983 20
3.660000002128072E-4 6005 127
3.6699999964184826E-4 1967 41
3.0500000048050424E-4 2003 42
3.0499999957100954E-4 2005 42
3.660000002128072E-4 1957 41
4.269999999451102E-4 1026 21
3.659999993033125E-4 2004 42
3.059999999095453E-4 930 19
6.710000006933114E-4 6998 148
4.269999999451102E-4 1029 21
3.660000002128072E-4 3976 83
3.0500000048050424E-4 938 19
3.660000002128072E-4 4030 85
3.6699999964184826E-4 2991 62
3.0500000048050424E-4 2999 63
3.059999999095453E-4 1964 41
3.0499999957100954E-4 2007 42
3.0500000048050424E-4 983 20
3.659999993033125E-4 981 20
3.0600000081904E-4 983 20
3.0500000048050424E-4 3011 64
3.659999993033125E-4 4974 105
3.059999999095453E-4 2000 42
3.660000002128072E-4 978 20
3.0499999957100954E-4 1968 41
3.660000002128072E-4 2969 64
3.660000002128072E-4 1020 23
3.6699999964184826E-4 2978 65
3.0500000048050424E-4 2980 63
3.0500000048050424E-4 2008 42
3.660000002128072E-4 2000 42
3.660000002128072E-4 1959 40
3.0500000048050424E-4 980 20
3.6699999964184826E-4 1030 21
3.0499999957100954E-4 2008 42
3.659999993033125E-4 1954 41
3.660000002128072E-4 2991 62
3.0500000048050424E-4 986 20
3.0499999957100954E-4 4022 85
3.660000002128072E-4 1938 40
3.0500000048050424E-4 3969 84
3.6699999964184826E-4 3019 65
3.660000002128072E-4 995 21
3.660000002128072E-4 2996 69
3.059999999095453E-4 955 20
2.4399999983870657E-4 1986 46
4.269999999451102E-4 1001 22
3.0499999957100954E-4 1014 23
3.6700000055134296E-4 973 22
3.0500000048050424E-4 2010 44
3.660000002128072E-4 1960 44
3.0499999957100954E-4 1996 42
3.660000002128072E-4 1024 21
3.0499999957100954E-4 937 19
3.0500000048050424E-4 1026 21
3.659999993033125E-4 2999 63
3.059999999095453E-4 3957 83
3.660000002128072E-4 2006 33
3.059999999095453E-4 1983 43
3.0499999957100954E-4 946 20
3.660000002128072E-4 1036 21
3.0500000048050424E-4 979 20
3.0500000048050424E-4 2006 42
3.6699999964184826E-4 977 19
3.659999993033125E-4 2003 42
3.0500000048050424E-4 980 20
3.0499999957100954E-4 1012 20
3.0600000081904E-4 983 20
3.659999993033125E-4 983 20
3.660000002128072E-4 936 19
3.0499999957100954E-4 2008 41
3.0500000048050424E-4 1996 42
3.0499999957100954E-4 1988 41
3.660000002128072E-4 1030 21
3.059999999095453E-4 981 20
3.660000002128072E-4 983 20
3.0499999957100954E-4 987 20
3.0500000048050424E-4 982 20
3.659999993033125E-4 986 20
2.4399999983870657E-4 1961 40
3.660000002128072E-4 2012 42
9.159999999610591E-4 1978 36
9.159999999610591E-4 4026 78
7.319999995161197E-4 932 18
3.660000002128072E-4 2975 60
4.269999999451102E-4 2992 62
6.100000000515138E-4 965 20
3.6699999964184826E-4 935 21
3.660000002128072E-4 1024 23
3.0499999957100954E-4 983 21
3.660000002128072E-4 968 21
3.660000002128072E-4 1023 23
3.0499999957100954E-4 3942 85
3.660000002128072E-4 1017 21
3.059999999095453E-4 960 19
3.660000002128072E-4 3011 65
3.0499999957100954E-4 992 20
3.059999999095453E-4 965 20
3.660000002128072E-4 1008 21
3.0500000048050424E-4 2940 65
3.0499999957100954E-4 2014 46
3.660000002128072E-4 1980 44
3.0499999957100954E-4 4013 90
3.0500000048050424E-4 985 20
3.6699999964184826E-4 2976 62
3.0499999957100954E-4 2010 42
3.660000002128072E-4 983 19
3.0499999957100954E-4 3968 84
3.660000002128072E-4 986 20
3.660000002128072E-4 982 20
3.059999999095453E-4 982 20
3.659999993033125E-4 1032 21
3.0500000048050424E-4 982 20
3.660000002128072E-4 1967 41
3.659999993033125E-4 2025 41
3.0500000048050424E-4 945 19
3.0499999957100954E-4 1026 21
3.660000002128072E-4 4991 106
3.0499999957100954E-4 1964 41
3.6699999964184826E-4 981 20
3.0499999957100954E-4 1966 41
3.660000002128072E-4 1024 21
3.660000002128072E-4 2977 62
3.0499999957100954E-4 981 20
3.660000002128072E-4 5034 107
3.059999999095453E-4 2946 61
3.660000002128072E-4 980 20
3.0499999957100954E-4 987 20
3.660000002128072E-4 2001 41
3.059999999095453E-4 988 20
3.6699999964184826E-4 5028 104
3.0499999957100954E-4 939 19
3.660000002128072E-4 2046 43
3.059999999095453E-4 1929 38
3.660000002128072E-4 1032 21
4.8799999967741314E-4 941 17
3.660000002128072E-4 1036 20
3.660000002128072E-4 936 19
3.059999999095453E-4 982 20
3.0500000048050424E-4 1028 21
3.6699999964184826E-4 3943 82
3.0499999957100954E-4 987 19
3.0500000048050424E-4 1027 21
3.0499999957100954E-4 981 20
3.660000002128072E-4 3978 83
4.269999999451102E-4 1974 40
7.329999998546555E-4 5007 99
6.709999997838167E-4 994 20
9.159999999610591E-4 1936 42
4.2800000028364593E-4 7959 331
4.269999999451102E-4 3986 168
4.890000000159489E-4 1021 39
3.0499999957100954E-4 1965 83
3.6699999964184826E-4 1974 82
3.0500000048050424E-4 2010 86
3.659999993033125E-4 1004 40
3.6699999964184826E-4 1985 80
3.6700000055134296E-4 4969 211
3.660000002128072E-4 2023 85
3.0499999957100954E-4 967 41
6.110000003900495E-4 990 39
6.709999997838167E-4 1990 50
3.660000002128072E-4 990 17
3.059999999095453E-4 999 17
4.269999999451102E-4 1004 18
5.499999997482519E-4 4018 76
3.0499999957100954E-4 2932 59
3.660000002128072E-4 946 20
3.059999999095453E-4 1022 22
4.269999999451102E-4 1989 40
3.0500000048050424E-4 1973 29
3.660000002128072E-4 2004 46
3.659999993033125E-4 2988 71
3.659999993033125E-4 3991 95
3.0500000048050424E-4 2983 70
3.660000002128072E-4 984 23
3.059999999095453E-4 2966 71
3.660000002128072E-4 1023 23
3.660000002128072E-4 1961 46
3.0499999957100954E-4 1023 24
3.0500000048050424E-4 2978 71
3.660000002128072E-4 2965 71
4.2799999937415123E-4 1006 22
3.660000002128072E-4 992 21
3.660000002128072E-4 1007 22
3.0499999957100954E-4 976 22
3.0500000048050424E-4 978 22
3.6699999964184826E-4 1017 23
3.659999993033125E-4 1985 46
3.0500000048050424E-4 975 22
3.0499999957100954E-4 1016 23
3.6700000055134296E-4 973 22
3.0499999957100954E-4 1013 23
3.660000002128072E-4 947 20
3.659999993033125E-4 2026 47
3.6700000055134296E-4 969 22
3.0499999957100954E-4 983 22
3.0499999957100954E-4 1983 46
3.0500000048050424E-4 1014 23
3.6699999964184826E-4 960 21
3.660000002128072E-4 1012 23
3.0499999957100954E-4 971 22
3.0500000048050424E-4 971 22
3.660000002128072E-4 1015 23
3.059999999095453E-4 1978 46
3.0500000048050424E-4 1013 23
3.660000002128072E-4 8008 188
3.059999999095453E-4 931 21
3.659999993033125E-4 1011 23
3.059999999095453E-4 3987 94
3.0500000048050424E-4 4006 94
3.0499999957100954E-4 2976 70
3.660000002128072E-4 1006 23
3.0499999957100954E-4 966 22
4.2800000028364593E-4 2035 47
4.890000000159489E-4 2920 68
6.100000000515138E-4 1027 23
4.269999999451102E-4 5973 140
4.269999999451102E-4 2974 69
4.269999999451102E-4 978 22
3.6699999964184826E-4 979 22
6.109999994805548E-4 4004 91
4.269999999451102E-4 2004 47
3.660000002128072E-4 1000 23
3.6699999964184826E-4 961 22
3.660000002128072E-4 1004 23
3.660000002128072E-4 1007 23
4.2799999937415123E-4 1961 46
4.269999999451102E-4 979 21
4.269999999451102E-4 1021 23
3.660000002128072E-4 974 22
3.660000002128072E-4 981 22
4.2800000028364593E-4 983 22
4.269999999451102E-4 1023 23
4.269999999451102E-4 979 22
3.660000002128072E-4 1015 23
4.2799999937415123E-4 943 21
4.269999999451102E-4 2007 46
4.269999999451102E-4 1019 23
4.8799999967741314E-4 2943 68
4.8799999967741314E-4 3011 70
8.539999998902204E-4 1974 45
6.709999997838167E-4 967 19
6.100000000515138E-4 1970 45
5.490000003192108E-4 1017 23
3.660000002128072E-4 2017 46
9.76999999693362E-4 1926 42
7.320000004256144E-4 997 16
6.100000000515138E-4 992 19
4.8800000058690784E-4 4990 115
4.2800000028364593E-4 4932 115
6.709999997838167E-4 2004 46
4.890000000159489E-4 1019 23
4.8799999967741314E-4 976 22
7.930000001579174E-4 2961 68
7.329999998546555E-4 981 22
7.320000004256144E-4 1000 19
5.490000003192108E-4 4012 94
4.269999999451102E-4 1977 46
3.660000002128072E-4 1978 46
4.2800000028364593E-4 1957 45
4.8800000058690784E-4 3996 93
6.099999991420191E-4 1010 23
3.659999993033125E-4 5955 140
4.2800000028364593E-4 946 22
0.0012210000004415633 2010 39
7.320000004256144E-4 2978 62
8.550000002287561E-4 922 14
4.269999999451102E-4 1950 34
3.660000002128072E-4 1958 43
3.659999993033125E-4 1996 46
3.0500000048050424E-4 975 23
4.2799999937415123E-4 1023 23
4.8799999967741314E-4 1992 44
3.059999999095453E-4 1957 45
3.660000002128072E-4 1000 23
3.660000002128072E-4 1982 47
4.269999999451102E-4 1013 21
3.660000002128072E-4 1976 48
3.6700000055134296E-4 4002 97
3.660000002128072E-4 962 22
3.0499999957100954E-4 990 22
3.059999999095453E-4 3031 72
3.660000002128072E-4 950 21
3.660000002128072E-4 986 23
3.059999999095453E-4 2995 72
3.0499999957100954E-4 2008 47
3.0500000048050424E-4 946 22
3.0500000048050424E-4 3050 72
3.0499999957100954E-4 946 22
3.0499999957100954E-4 1976 46
3.6699999964184826E-4 2018 48
3.0500000048050424E-4 997 23
3.0499999957100954E-4 1973 47
4.2800000028364593E-4 1047 21
3.660000002128072E-4 998 21
3.659999993033125E-4 928 21
3.660000002128072E-4 976 22
3.660000002128072E-4 2982 68
3.659999993033125E-4 3001 70
3.0500000048050424E-4 1017 23
3.660000002128072E-4 1994 46
3.660000002128072E-4 997 20
3.660000002128072E-4 1981 46
3.059999999095453E-4 970 22
3.659999993033125E-4 1984 46
3.0500000048050424E-4 1973 46
3.6700000055134296E-4 6032 142
3.0499999957100954E-4 965 22
3.659999993033125E-4 2004 46
3.0500000048050424E-4 1011 23
3.660000002128072E-4 1975 46
3.0500000048050424E-4 1970 46
3.0499999957100954E-4 2015 47
3.6700000055134296E-4 994 22
3.0499999957100954E-4 964 22
3.0500000048050424E-4 2979 70
3.0499999957100954E-4 3022 71
3.660000002128072E-4 2010 46
3.660000002128072E-4 4955 117
3.059999999095453E-4 971 22
3.0500000048050424E-4 4053 95
3.0499999957100954E-4 1940 45
3.660000002128072E-4 2015 47
3.0499999957100954E-4 993 22
3.660000002128072E-4 1011 23
3.0500000048050424E-4 3984 94
3.660000002128072E-4 4972 117
6.109999994805548E-4 968 22
3.660000002128072E-4 2972 70
3.660000002128072E-4 1010 23
3.059999999095453E-4 994 22
3.0500000048050424E-4 2946 69
3.6700000055134296E-4 1986 46
3.0499999957100954E-4 1013 23
3.660000002128072E-4 1011 23
3.0499999957100954E-4 2002 46
3.660000002128072E-4 2983 70
4.269999999451102E-4 1979 46
3.660000002128072E-4 1976 46
3.0499999957100954E-4 974 22
3.0500000048050424E-4 1010 23
3.6699999964184826E-4 1988 45
3.660000002128072E-4 973 22
3.0499999957100954E-4 971 22
3.0500000048050424E-4 1011 23
3.0500000048050424E-4 1981 46
3.0500000048050424E-4 1977 46
3.0499999957100954E-4 1013 23
3.6699999964184826E-4 1973 46
3.0500000048050424E-4 1053 24
3.659999993033125E-4 965 21
3.660000002128072E-4 963 22
3.0500000048050424E-4 981 23
3.6699999964184826E-4 1023 23
3.0499999957100954E-4 993 23
3.660000002128072E-4 987 23
3.0499999957100954E-4 1968 47
3.660000002128072E-4 990 23
3.0500000048050424E-4 2004 47
3.660000002128072E-4 2987 72
3.660000002128072E-4 7002 168
3.660000002128072E-4 2991 71
3.6699999964184826E-4 984 22
3.0500000048050424E-4 989 23
3.0499999957100954E-4 2015 48
3.660000002128072E-4 986 22
3.059999999095453E-4 987 23
3.0500000048050424E-4 2974 71
3.0500000048050424E-4 2007 48
3.6699999964184826E-4 990 23
3.0500000048050424E-4 988 23
4.269999999451102E-4 1005 23
3.0499999957100954E-4 999 23
3.6699999964184826E-4 1957 45
3.659999993033125E-4 1974 47
3.0500000048050424E-4 1025 24
3.6699999964184826E-4 1978 46
3.0499999957100954E-4 990 23
3.0500000048050424E-4 946 22
3.660000002128072E-4 1015 23
3.0499999957100954E-4 5031 121
3.0500000048050424E-4 5936 139
3.660000002128072E-4 4035 96
3.0499999957100954E-4 1008 22
3.6699999964184826E-4 1924 46
3.660000002128072E-4 1025 24
3.0500000048050424E-4 990 23
3.660000002128072E-4 1970 47
3.0500000048050424E-4 4026 96
3.0499999957100954E-4 984 23
3.059999999095453E-4 946 22
3.0500000048050424E-4 2014 47
3.660000002128072E-4 2015 48
3.059999999095453E-4 986 23
3.0500000048050424E-4 956 22
3.0499999957100954E-4 987 23
3.660000002128072E-4 1026 24
4.2800000028364593E-4 2995 72
3.0500000048050424E-4 1957 46
3.659999993033125E-4 1030 24
3.659999993033125E-4 1920 44
3.0500000048050424E-4 987 23
3.660000002128072E-4 990 23
3.6699999964184826E-4 1990 45
3.660000002128072E-4 1013 23
3.0500000048050424E-4 974 22
3.0499999957100954E-4 1015 23
3.660000002128072E-4 975 22
3.660000002128072E-4 1982 46
3.660000002128072E-4 2030 46
3.059999999095453E-4 1936 45
3.0500000048050424E-4 1009 23
3.660000002128072E-4 2023 47
3.0500000048050424E-4 971 22
3.6699999964184826E-4 1015 23
3.660000002128072E-4 954 20
2.4399999983870657E-4 2022 47
4.2800000028364593E-4 1944 45
3.059999999095453E-4 5005 118
3.660000002128072E-4 1011 23
3.660000002128072E-4 968 22
3.660000002128072E-4 2014 47
3.660000002128072E-4 4966 116
3.059999999095453E-4 994 23
3.0500000048050424E-4 955 22
3.659999993033125E-4 1030 24
3.0500000048050424E-4 988 23
3.0499999957100954E-4 985 23
3.6700000055134296E-4 1980 47
3.660000002128072E-4 4022 95
3.659999993033125E-4 2973 69
3.0499999957100954E-4 3969 93
3.660000002128072E-4 1025 23
6.100000000515138E-4 993 22
6.720000001223525E-4 980 22
5.489999994097161E-4 967 20
4.269999999451102E-4 1015 23
3.660000002128072E-4 1980 46
3.660000002128072E-4 977 22
3.0499999957100954E-4 1008 23
3.0500000048050424E-4 3947 93
3.660000002128072E-4 4033 95
3.0499999957100954E-4 970 22
3.6699999964184826E-4 3036 69
3.660000002128072E-4 2946 69
3.0500000048050424E-4 2016 47
3.0499999957100954E-4 2968 70
3.660000002128072E-4 1006 23
3.0500000048050424E-4 964 22
3.660000002128072E-4 2991 70
3.0500000048050424E-4 1005 23
3.659999993033125E-4 1003 22
3.0500000048050424E-4 3981 94
3.659999993033125E-4 1007 23
3.0500000048050424E-4 1969 46
3.660000002128072E-4 1011 23
9.76999999693362E-4 979 21
9.76999999693362E-4 1918 41
0.0010990000000674627 943 19
3.660000002128072E-4 5025 89
3.059999999095453E-4 4944 90
3.660000002128072E-4 1009 22
3.659999993033125E-4 998 23
3.660000002128072E-4 1969 46
3.6699999964184826E-4 951 22
3.659999993033125E-4 7042 168
3.0500000048050424E-4 991 23
3.660000002128072E-4 1003 23
3.059999999095453E-4 992 23
3.659999993033125E-4 965 22
3.0499999957100954E-4 6009 142
4.270000008546049E-4 1005 21
3.0500000048050424E-4 2987 70
3.0499999957100954E-4 968 22
3.660000002128072E-4 1008 23
3.0499999957100954E-4 6002 141
3.0500000048050424E-4 962 22
3.0499999957100954E-4 3981 94
3.059999999095453E-4 7027 165
3.660000002128072E-4 964 22
3.660000002128072E-4 2022 47
3.059999999095453E-4 1952 45
3.659999993033125E-4 2025 47
3.0500000048050424E-4 1015 23
3.6700000055134296E-4 1978 46
3.660000002128072E-4 973 22
2.4399999983870657E-4 1012 23
3.660000002128072E-4 1007 23
3.6699999964184826E-4 6973 165
3.660000002128072E-4 1009 23
3.0499999957100954E-4 923 21
3.0499999957100954E-4 3029 70
3.059999999095453E-4 1006 23
3.660000002128072E-4 965 22
3.0500000048050424E-4 2990 70
3.6699999964184826E-4 1010 23
3.0499999957100954E-4 1974 46
3.660000002128072E-4 1005 23
3.660000002128072E-4 4020 95
3.6700000055134296E-4 2972 69
3.0500000048050424E-4 2003 47
3.059999999095453E-4 2969 70
3.660000002128072E-4 965 22
3.659999993033125E-4 1028 23
3.660000002128072E-4 3001 72
3.059999999095453E-4 5963 141
3.660000002128072E-4 1023 24
3.0500000048050424E-4 1997 47
3.659999993033125E-4 2981 72
3.0499999957100954E-4 1998 48
3.0500000048050424E-4 938 22
3.0500000048050424E-4 2034 48
3.660000002128072E-4 1996 46
3.059999999095453E-4 1985 47
3.660000002128072E-4 987 23
3.0500000048050424E-4 2000 48
3.0500000048050424E-4 1996 46
3.0500000048050424E-4 2002 48
3.0500000048050424E-4 5946 143
3.660000002128072E-4 2002 47
3.6700000055134296E-4 991 22
3.660000002128072E-4 2000 48
3.0499999957100954E-4 1998 47
3.059999999095453E-4 983 23
3.659999993033125E-4 2002 48
3.0500000048050424E-4 1004 22
5.499999997482519E-4 2006 41
3.659999993033125E-4 1970 46
3.660000002128072E-4 985 23
3.0500000048050424E-4 1997 46
4.269999999451102E-4 951 20
3.059999999095453E-4 3019 70
3.0500000048050424E-4 1990 46
3.0499999957100954E-4 1978 46
3.059999999095453E-4 1018 23
3.0500000048050424E-4 3968 93
3.0499999957100954E-4 978 22
3.0499999957100954E-4 2034 48
4.269999999451102E-4 958 20
3.0500000048050424E-4 977 23
3.6699999964184826E-4 1030 24
3.0499999957100954E-4 3999 96
3.660000002128072E-4 2986 70
3.0499999957100954E-4 986 23
3.0499999957100954E-4 1951 46
3.0600000081904E-4 1056 25
3.660000002128072E-4 1991 47
3.0500000048050424E-4 940 22
3.0499999957100954E-4 1025 24
3.0500000048050424E-4 1965 47
3.059999999095453E-4 3974 95
3.659999993033125E-4 5003 107
3.0499999957100954E-4 3990 95
7.940000004964531E-4 2016 47
7.319999995161197E-4 948 22
4.8799999967741314E-4 1022 22
3.059999999095453E-4 1974 47
3.660000002128072E-4 991 23
3.0499999957100954E-4 991 22
3.0499999957100954E-4 3995 95
3.660000002128072E-4 989 23
3.0500000048050424E-4 991 23
3.660000002128072E-4 2978 70
4.269999999451102E-4 3030 70
3.0600000081904E-4 989 23
3.0499999957100954E-4 986 23
3.0500000048050424E-4 987 23
3.059999999095453E-4 2977 68
3.660000002128072E-4 4007 99
3.059999999095453E-4 1003 24
3.660000002128072E-4 968 23
4.269999999451102E-4 1013 24
3.0499999957100954E-4 966 23
3.0500000048050424E-4 1021 24
3.6699999964184826E-4 969 22
3.0500000048050424E-4 1024 24
3.0499999957100954E-4 982 23
4.2799999937415123E-4 7988 217
3.0500000048050424E-4 940 39
3.659999993033125E-4 1012 42
3.0500000048050424E-4 985 42
3.660000002128072E-4 990 41
3.059999999095453E-4 1983 85
3.660000002128072E-4 2010 69
3.6699999964184826E-4 1983 82
3.0499999957100954E-4 976 42
3.660000002128072E-4 994 43
3.0499999957100954E-4 2022 87
3.6700000055134296E-4 953 41
3.0499999957100954E-4 4003 174
3.059999999095453E-4 1995 87
3.0500000048050424E-4 3029 131
3.0499999957100954E-4 3943 171
3.660000002128072E-4 995 43
3.0499999957100954E-4 3008 132
3.660000002128072E-4 973 42
3.659999993033125E-4 4015 174
3.660000002128072E-4 1990 87
3.0499999957100954E-4 995 43
3.059999999095453E-4 978 42
3.660000002128072E-4 4012 176
3.059999999095453E-4 981 42
3.660000002128072E-4 2978 124
3.0499999957100954E-4 5978 257
3.0500000048050424E-4 1017 44
3.0500000048050424E-4 5006 218
3.6699999964184826E-4 981 42
2.4399999983870657E-4 1959 86
3.0600000081904E-4 2984 129
3.0500000048050424E-4 2017 88
3.0499999957100954E-4 1977 86
3.6699999964184826E-4 1040 45
3.0500000048050424E-4 949 41
3.0499999957100954E-4 1986 85
3.0499999957100954E-4 8016 351
3.0500000048050424E-4 2000 87
3.659999993033125E-4 976 42
3.660000002128072E-4 1019 44
3.0499999957100954E-4 2968 128
3.660000002128072E-4 969 42
3.0500000048050424E-4 1022 44
3.0500000048050424E-4 3978 175
8.550000002287561E-4 994 32
6.709999997838167E-4 2976 92
6.720000001223525E-4 1006 31
9.76000000264321E-4 979 38
7.939999995869584E-4 993 38
5.489999994097161E-4 2007 63
4.269999999451102E-4 955 39
3.6700000055134296E-4 1009 42
4.8799999967741314E-4 981 41
6.100000000515138E-4 962 29
3.660000002128072E-4 4002 159
3.660000002128072E-4 2988 123
3.660000002128072E-4 4966 213
3.0500000048050424E-4 1027 42
3.059999999095453E-4 2982 130
3.0499999957100954E-4 1984 84
3.660000002128072E-4 979 42
3.660000002128072E-4 980 42
3.6699999964184826E-4 1029 39
3.0500000048050424E-4 2973 130
3.660000002128072E-4 997 41
3.659999993033125E-4 5018 218
3.0500000048050424E-4 998 43
3.6699999964184826E-4 953 41
3.0500000048050424E-4 3990 175
3.660000002128072E-4 1994 80
3.660000002128072E-4 1003 43
3.0499999957100954E-4 970 42
4.890000000159489E-4 1031 35
3.0500000048050424E-4 2948 125
6.709999997838167E-4 3031 113
9.76999999693362E-4 1961 60
6.100000000515138E-4 977 29
5.490000003192108E-4 1970 60
7.930000001579174E-4 1000 30
9.159999999610591E-4 2978 99
0.0014029999992999365 959 35
4.269999999451102E-4 4958 198
4.2799999937415123E-4 985 41
4.269999999451102E-4 1011 42
3.660000002128072E-4 959 40
3.0500000048050424E-4 1026 43
3.659999993033125E-4 962 40
3.0499999957100954E-4 2989 127
3.660000002128072E-4 1002 42
4.2800000028364593E-4 1976 78
3.659999993033125E-4 972 41
4.269999999451102E-4 2039 87
3.0499999957100954E-4 1953 83
3.660000002128072E-4 995 42
3.0499999957100954E-4 5003 214
3.660000002128072E-4 1005 42
3.0500000048050424E-4 2987 125
3.660000002128072E-4 3967 163
3.660000002128072E-4 2992 128
4.269999999451102E-4 2009 79
3.6700000055134296E-4 1975 83
3.659999993033125E-4 7004 291
3.0500000048050424E-4 973 41
3.660000002128072E-4 997 42
3.0500000048050424E-4 1990 77
3.059999999095453E-4 3992 171
3.660000002128072E-4 3009 127
3.0499999957100954E-4 951 40
5.490000003192108E-4 3005 63
3.6699999964184826E-4 987 42
3.0499999957100954E-4 961 41
3.660000002128072E-4 1995 86
3.6699999964184826E-4 1995 86
3.0500000048050424E-4 3986 174
3.660000002128072E-4 2990 127
3.0499999957100954E-4 2022 88
3.0500000048050424E-4 1989 86
3.659999993033125E-4 1995 87
3.6700000055134296E-4 974 39
3.660000002128072E-4 4004 174
3.0499999957100954E-4 4979 213
3.6699999964184826E-4 1004 43
3.0500000048050424E-4 6983 303
3.0500000048050424E-4 1969 85
3.6699999964184826E-4 1034 44
3.660000002128072E-4 2994 130
3.6699999964184826E-4 1975 83
3.659999993033125E-4 3001 130
3.0500000048050424E-4 960 41
3.6699999964184826E-4 1035 44
3.660000002128072E-4 983 42
3.0500000048050424E-4 2974 129
4.2799999937415123E-4 1009 43
3.660000002128072E-4 1992 86
3.660000002128072E-4 1971 85
3.059999999095453E-4 980 40
4.269999999451102E-4 1005 43
3.660000002128072E-4 2010 87
3.6699999964184826E-4 1961 85
3.660000002128072E-4 1004 43
3.660000002128072E-4 2971 127
3.660000002128072E-4 2019 87
3.0500000048050424E-4 997 42
3.660000002128072E-4 1998 86
3.0500000048050424E-4 2995 126
3.6699999964184826E-4 2979 129
4.269999999451102E-4 994 42
3.660000002128072E-4 980 39
3.660000002128072E-4 975 40
3.660000002128072E-4 1029 42
3.0499999957100954E-4 2943 128
3.660000002128072E-4 2039 88
3.659999993033125E-4 2951 127
3.6699999964184826E-4 3000 132
3.660000002128072E-4 2979 130
3.6699999964184826E-4 1996 85
3.6700000055134296E-4 4996 218
3.0500000048050424E-4 8007 348
3.660000002128072E-4 5004 217
3.659999993033125E-4 956 41
3.6700000055134296E-4 1027 44
3.660000002128072E-4 987 41
3.660000002128072E-4 2000 85
3.660000002128072E-4 949 38
3.059999999095453E-4 1028 45
3.659999993033125E-4 1984 88
3.660000002128072E-4 1005 44
3.6699999964184826E-4 6969 310
3.659999993033125E-4 3995 179
4.269999999451102E-4 2034 42
3.0499999957100954E-4 975 17
3.059999999095453E-4 2969 70
3.0499999957100954E-4 4018 98
3.059999999095453E-4 964 23
3.0500000048050424E-4 1002 24
3.660000002128072E-4 961 22
3.660000002128072E-4 2024 50
3.6699999964184826E-4 999 24
3.659999993033125E-4 1960 46
3.0500000048050424E-4 1015 23
4.269999999451102E-4 1014 23
3.6699999964184826E-4 975 22
3.0499999957100954E-4 2967 72
3.660000002128072E-4 1023 24
3.660000002128072E-4 1997 48
3.659999993033125E-4 3008 73
3.660000002128072E-4 979 23
3.660000002128072E-4 1963 46
3.0500000048050424E-4 2043 48
3.6699999964184826E-4 950 22
3.0499999957100954E-4 3984 95
3.0500000048050424E-4 2985 71
3.659999993033125E-4 1003 23
3.660000002128072E-4 967 22
3.660000002128072E-4 1034 24
3.0500000048050424E-4 1985 47
3.659999993033125E-4 1010 23
3.660000002128072E-4 1943 46
3.0499999957100954E-4 4982 121
3.660000002128072E-4 4025 96
3.0499999957100954E-4 972 22
3.0499999957100954E-4 2973 72
3.660000002128072E-4 4022 97
3.0499999957100954E-4 1020 24
3.0500000048050424E-4 929 22
3.659999993033125E-4 1004 23
3.6700000055134296E-4 1009 24
3.0499999957100954E-4 960 22
3.0500000048050424E-4 2019 49
3.659999993033125E-4 1008 24
3.660000002128072E-4 968 22
3.0500000048050424E-4 4014 98
6.720000001223525E-4 6976 154
4.8800000058690784E-4 909 16
3.660000002128072E-4 1990 47
4.890000000159489E-4 1049 20
3.0499999957100954E-4 1917 46
3.660000002128072E-4 994 24
3.660000002128072E-4 3032 74
3.0499999957100954E-4 953 22
4.2800000028364593E-4 1983 43
3.0499999957100954E-4 993 24
3.660000002128072E-4 992 24
3.0499999957100954E-4 2004 48
3.6699999964184826E-4 1977 48
3.660000002128072E-4 989 24
3.660000002128072E-4 1008 22
3.660000002128072E-4 997 24
3.0499999957100954E-4 1001 24
3.660000002128072E-4 4980 122
3.659999993033125E-4 3991 97
3.6699999964184826E-4 2004 47
3.660000002128072E-4 1006 24
3.0499999957100954E-4 973 23
3.660000002128072E-4 1005 23
3.0500000048050424E-4 1010 24
3.6699999964184826E-4 932 22
3.0499999957100954E-4 2023 48
3.659999993033125E-4 3997 96
3.0500000048050424E-4 975 23
3.660000002128072E-4 1009 23
4.2800000028364593E-4 1989 47
3.0499999957100954E-4 974 23
3.0500000048050424E-4 1012 24
3.660000002128072E-4 6987 170
3.660000002128072E-4 1983 47
3.0499999957100954E-4 996 23
3.660000002128072E-4 1997 47
3.660000002128072E-4 1995 47
3.660000002128072E-4 2000 47
3.0500000048050424E-4 4009 95
3.660000002128072E-4 1973 47
3.059999999095453E-4 965 23
3.660000002128072E-4 1004 24
3.0499999957100954E-4 1006 23
3.660000002128072E-4 970 22
3.659999993033125E-4 4018 98
3.0499999957100954E-4 1967 47
3.0500000048050424E-4 4018 98
3.0499999957100954E-4 1004 24
3.0499999957100954E-4 5952 135
3.0500000048050424E-4 1984 48
4.269999999451102E-4 990 23
3.660000002128072E-4 2020 48
3.0499999957100954E-4 1974 46
3.660000002128072E-4 993 23
3.660000002128072E-4 2026 48
3.660000002128072E-4 1983 47
3.6700000055134296E-4 1992 47
3.660000002128072E-4 1986 47
0.0010990000000674627 961 22
8.539999998902204E-4 960 22
3.0500000048050424E-4 3003 71
3.660000002128072E-4 1001 23
3.659999993033125E-4 932 19
3.059999999095453E-4 2027 48
3.0499999957100954E-4 2981 71
3.0500000048050424E-4 993 23
3.660000002128072E-4 3972 95
3.6699999964184826E-4 1989 47
3.660000002128072E-4 1050 24
3.660000002128072E-4 928 21
3.660000002128072E-4 1985 45
3.660000002128072E-4 2027 48
3.6699999964184826E-4 3962 95
3.660000002128072E-4 3018 72
3.0499999957100954E-4 946 22
3.6700000055134296E-4 1030 24
3.0499999957100954E-4 994 23
3.6699999964184826E-4 3961 93
3.660000002128072E-4 989 23
3.059999999095453E-4 4026 97
3.660000002128072E-4 993 23
3.660000002128072E-4 1959 46
3.0500000048050424E-4 992 23
3.6699999964184826E-4 970 20
3.660000002128072E-4 1037 24
3.0500000048050424E-4 1949 46
3.660000002128072E-4 990 23
3.6699999964184826E-4 1036 24
3.0499999957100954E-4 995 23
3.0500000048050424E-4 1979 47
3.0499999957100954E-4 952 22
3.6700000055134296E-4 1020 22
3.0500000048050424E-4 3034 73
3.659999993033125E-4 949 22
3.0500000048050424E-4 2012 48
3.0500000048050424E-4 2999 72
3.6699999964184826E-4 987 23
3.0499999957100954E-4 2952 70
3.660000002128072E-4 3038 73
3.0500000048050424E-4 7961 193
3.660000002128072E-4 1027 24
3.059999999095453E-4 965 23
3.0499999957100954E-4 2006 48
4.269999999451102E-4 965 20
3.6699999964184826E-4 2004 49
3.0499999957100954E-4 2006 47
3.0500000048050424E-4 5966 146
3.6699999964184826E-4 2005 48
3.0500000048050424E-4 1010 24
3.660000002128072E-4 1007 24
3.659999993033125E-4 942 22
3.0500000048050424E-4 1009 24
3.6699999964184826E-4 1011 24
3.0500000048050424E-4 967 23
3.0499999957100954E-4 999 22
3.660000002128072E-4 1005 24
3.660000002128072E-4 1009 24
3.0500000048050424E-4 5986 144
3.660000002128072E-4 1976 48
3.0500000048050424E-4 1995 48
3.0499999957100954E-4 2976 73
3.660000002128072E-4 2008 48
3.0499999957100954E-4 966 23
3.6700000055134296E-4 1007 24
3.0500000048050424E-4 3977 97
3.660000002128072E-4 2049 49
3.0499999957100954E-4 969 23
3.0500000048050424E-4 968 23
3.0499999957100954E-4 1993 48
3.6700000055134296E-4 1010 24
3.659999993033125E-4 1034 23
3.0499999957100954E-4 1922 46
3.660000002128072E-4 1008 24
3.660000002128072E-4 2003 47
3.0500000048050424E-4 3011 74
3.6699999964184826E-4 962 22
3.660000002128072E-4 4007 88
3.059999999095453E-4 993 23
3.659999993033125E-4 2025 48
3.0499999957100954E-4 3961 95
3.660000002128072E-4 1001 23
3.0499999957100954E-4 969 23
3.660000002128072E-4 988 23
3.059999999095453E-4 982 23
3.660000002128072E-4 2010 48
3.0499999957100954E-4 1009 24
3.660000002128072E-4 973 23
3.659999993033125E-4 3015 72
3.0500000048050424E-4 968 23
3.0499999957100954E-4 2007 48
3.6699999964184826E-4 1004 23
3.660000002128072E-4 1012 24
3.0500000048050424E-4 970 21
3.659999993033125E-4 966 23
3.0500000048050424E-4 6021 148
3.6699999964184826E-4 1012 23
3.660000002128072E-4 1969 48
3.0500000048050424E-4 1003 24
3.659999993033125E-4 1003 23
3.660000002128072E-4 1982 44
3.0499999957100954E-4 3021 72
3.6700000055134296E-4 964 23
3.660000002128072E-4 1978 46
3.660000002128072E-4 963 22
3.0499999957100954E-4 3995 97
3.0500000048050424E-4 2009 49
3.660000002128072E-4 2007 48
3.0499999957100954E-4 964 23
3.660000002128072E-4 1045 25
3.0500000048050424E-4 994 21
3.660000002128072E-4 2971 73
3.059999999095453E-4 3969 96
3.0499999957100954E-4 1991 47
3.0499999957100954E-4 2003 49
3.6700000055134296E-4 967 22
3.660000002128072E-4 2054 50
3.660000002128072E-4 4954 120
3.0500000048050424E-4 2002 48
3.0500000048050424E-4 1959 48
3.660000002128072E-4 1009 23
3.660000002128072E-4 2031 50
3.059999999095453E-4 948 23
3.660000002128072E-4 1023 24
3.0500000048050424E-4 1961 49
0.001037999999425665 989 22
9.759999993548263E-4 3003 68
6.100000000515138E-4 1960 33
3.0499999957100954E-4 2962 65
3.660000002128072E-4 984 23
3.0499999957100954E-4 9014 213
3.6699999964184826E-4 1961 47
3.660000002128072E-4 1993 48
3.659999993033125E-4 978 23
3.660000002128072E-4 6013 147
3.6699999964184826E-4 1022 25
3.0500000048050424E-4 982 24
3.0499999957100954E-4 984 24
3.660000002128072E-4 1019 24
3.0500000048050424E-4 943 23
3.660000002128072E-4 7016 172
3.0499999957100954E-4 985 24
3.660000002128072E-4 982 23
3.0499999957100954E-4 3018 75
3.660000002128072E-4 1959 49
3.0499999957100954E-4 981 23
3.659999993033125E-4 2036 50
3.660000002128072E-4 4960 123
3.0500000048050424E-4 3028 76
3.6699999964184826E-4 985 24
4.269999999451102E-4 1960 45
3.660000002128072E-4 980 24
3.059999999095453E-4 2005 49
3.660000002128072E-4 988 24
3.0500000048050424E-4 2988 74
3.660000002128072E-4 4008 100
3.0600000081904E-4 1974 48
3.0500000048050424E-4 2017 48
3.0499999957100954E-4 1968 49
5.490000003192108E-4 4045 94
4.2799999937415123E-4 940 21
3.660000002128072E-4 2008 48
3.0499999957100954E-4 984 24
3.0500000048050424E-4 5000 126
3.660000002128072E-4 992 23
4.269999999451102E-4 1991 43
3.660000002128072E-4 951 23
3.660000002128072E-4 1028 22
3.0499999957100954E-4 1967 49
3.059999999095453E-4 5020 122
3.660000002128072E-4 982 23
3.0499999957100954E-4 987 24
3.660000002128072E-4 1975 49
3.059999999095453E-4 1038 25
3.660000002128072E-4 956 23
3.0500000048050424E-4 2021 50
3.660000002128072E-4 3972 88
3.0500000048050424E-4 985 23
3.6699999964184826E-4 1021 24
3.0499999957100954E-4 986 23
3.0500000048050424E-4 3976 97
3.0499999957100954E-4 2971 74
3.660000002128072E-4 1030 25
3.660000002128072E-4 1000 24
3.6699999964184826E-4 992 24
3.0500000048050424E-4 942 22
3.660000002128072E-4 2041 51
3.660000002128072E-4 988 23
3.0500000048050424E-4 2983 74
3.0499999957100954E-4 6009 151
3.660000002128072E-4 984 24
3.0499999957100954E-4 2955 73
3.0500000048050424E-4 1034 25
3.6699999964184826E-4 1985 48
3.0499999957100954E-4 1964 48
3.6699999964184826E-4 3017 73
3.0499999957100954E-4 6980 175
3.660000002128072E-4 1028 24
3.660000002128072E-4 1982 49
3.0500000048050424E-4 1982 48
3.660000002128072E-4 995 24
3.0499999957100954E-4 961 23
3.660000002128072E-4 1028 23
3.660000002128072E-4 1969 49
3.0499999957100954E-4 3017 72
3.6700000055134296E-4 987 24
3.0500000048050424E-4 1980 49
3.059999999095453E-4 2989 74
3.660000002128072E-4 997 23
3.0499999957100954E-4 1982 48
4.2800000028364593E-4 2024 49
3.659999993033125E-4 2974 74
3.6699999964184826E-4 2014 50
3.0500000048050424E-4 991 24
3.659999993033125E-4 988 24
3.0500000048050424E-4 948 22
3.660000002128072E-4 1030 24
3.660000002128072E-4 2968 74
3.660000002128072E-4 6025 143
3.6699999964184826E-4 2995 75
3.0500000048050424E-4 952 23
3.0499999957100954E-4 994 24
3.660000002128072E-4 1010 23
3.660000002128072E-4 995 23
3.0499999957100954E-4 6969 168
3.6700000055134296E-4 4015 98
3.6699999964184826E-4 4996 123
3.0500000048050424E-4 980 24
3.660000002128072E-4 2008 50
3.0500000048050424E-4 944 23
3.0500000048050424E-4 2996 74
3.659999993033125E-4 2019 50
3.0500000048050424E-4 1025 24
3.6699999964184826E-4 987 24
3.0499999957100954E-4 2934 74
3.660000002128072E-4 1026 25
3.659999993033125E-4 5007 126
3.660000002128072E-4 4974 123
3.0499999957100954E-4 3984 97
3.659999993033125E-4 4032 98
3.660000002128072E-4 955 23
totals: 0.7603129999997691 2033 3960756.0 100000
