0.034057999990182 1841 43
0.033082000009017065 1993 46
0.031004999997094274 931 22
0.03472899997723289 7063 171
0.03594999999040738 8001 196
0.03308100000140257 920 22
0.034912000002805144 2019 49
0.033752999996067956 1013 23
0.03460699997958727 1990 49
0.034485000011045486 992 24
0.03430200001457706 995 23
0.03344699999433942 962 23
0.03479000000515953 2028 50
0.034180000016931444 1974 48
0.03344699999433942 3968 97
0.034546000009868294 4031 99
0.033752999996067956 1965 48
0.03515599999809638 1996 46
0.032227000017883256 5019 120
0.029906999989179894 954 22
0.03393599999253638 997 23
0.03192100001615472 3016 72
0.03247099998407066 993 23
0.032226999988779426 1978 47
0.03240900000673719 1030 24
0.03210499999113381 994 23
0.031004999997094274 6972 167
0.03094500000588596 955 22
0.03747599999769591 2046 49
0.034485000011045486 2967 72
0.034179999987827614 974 23
0.033020000002579764 3031 73
0.0305180000141263 950 22
0.03210499999113381 2002 47
0.03240999998524785 1032 24
0.03186000001733191 991 23
0.030333999980939552 952 22
0.034180000016931444 979 23
0.033629999990807846 1016 24
0.03326500000548549 1016 24
0.032654000009642914 3002 72
0.031798999989405274 1957 47
0.032227000017883256 996 23
0.03234899998642504 1039 24
0.03082200000062585 951 22
0.03161600002204068 996 23
0.03198200001497753 2000 46
0.032165000011445954 3020 72
0.03210499999113381 1986 47
0.03161599999293685 994 23
0.03192099998705089 2952 71
0.03314300000783987 1997 48
0.03247099998407066 2007 48
0.033020000002579764 2008 47
0.032654000009642914 1989 47
0.030944999976782128 2975 71
0.03039500000886619 1991 47
0.030762000009417534 2999 71
0.03277600000728853 1032 24
0.03210499999113381 1968 47
0.03204300001380034 973 23
0.031432999996468425 1987 48
0.033263999997871 1008 24
0.03350800002226606 1021 24
0.034546000009868294 2964 72
0.04412800000864081 989 23
0.04437299998244271 984 23
0.03857400000561029 1030 24
0.031006000004708767 941 22
0.03289800000493415 987 23
0.03289800000493415 4025 95
0.032959000003756955 1984 47
0.03356900002108887 2955 71
0.03430199998547323 997 23
0.03424099998665042 3030 74
0.03393599999253638 2978 70
0.03845200000796467 3988 96
0.03320299999904819 4005 73
0.033813999994890764 1067 14
0.03240900000673719 922 11
0.029418999998597428 986 13
0.032592999981716275 976 20
0.03393600002164021 2001 46
0.03344699999433942 3986 86
0.03619400001480244 1016 23
0.03308100000140257 960 23
0.03393499998492189 1003 24
0.03631600001244806 1017 23
0.032593000010820106 974 23
0.032226999988779426 5999 145
0.032653999980539083 2984 71
0.03466800000751391 2008 46
0.033324999996693805 1972 48
0.03387399998609908 1027 24
0.033813999994890764 1988 47
0.033020000002579764 967 23
0.031798999989405274 3015 67
0.03240900000673719 1981 48
0.03430199998547323 1017 23
0.034056999982567504 2980 73
0.03472900000633672 4020 97
0.034180000016931444 2985 72
0.032164999982342124 969 23
0.034912000002805144 2082 47
0.03466800000751391 3959 96
0.03186000001733191 932 22
0.03271500000846572 3029 74
0.033020000002579764 1009 24
0.03240999998524785 966 22
0.03509499999927357 2003 48
0.03521800000453368 2016 50
0.033995999983744696 977 22
0.03436300001339987 988 24
0.034974000009242445 1989 48
0.03491199997370131 1035 24
0.034423000004608184 991 24
0.03442400001222268 987 24
0.03436299998429604 990 24
0.035035000008065253 2004 48
0.034422999975504354 989 24
0.03430200001457706 991 24
0.03399699999135919 994 23
0.034057999990182 2994 73
0.03192100001615472 974 21
0.033263999997871 4035 96
0.030578000005334616 949 22
0.03283699997700751 3027 72
0.033324999996693805 2997 72
0.03167699999175966 991 23
0.03271499997936189 3001 72
0.03210499999113381 2939 70
0.031921999994665384 3042 73
0.030151000013574958 948 22
0.030578000005334616 4017 96
0.032653999980539083 4994 119
0.035888000013073906 1032 24
0.03247099998407066 984 23
0.032654000009642914 2009 48
0.03356899999198504 949 22
0.03393500001402572 3026 73
0.03271500000846572 1988 47
0.03271500000846572 1998 48
0.03277499999967404 2001 48
0.032654000009642914 1998 48
0.04339599999366328 2974 70
0.04254100000252947 987 23
0.04125999999814667 1040 24
0.03118900000117719 952 22
0.031799000018509105 997 23
0.03131099999882281 996 23
0.03222599998116493 3989 94
0.03131099999882281 3972 95
0.03155499999411404 5010 119
0.03186000001733191 1004 23
0.03216599998995662 1987 47
0.032227000017883256 4019 96
0.030578000005334616 952 22
0.032226999988779426 1032 24
0.030334000010043383 951 22
0.032592999981716275 995 23
0.03289800000493415 1021 23
0.03271500000846572 5016 122
0.030334999988554046 2949 70
0.030273000011220574 3014 72
0.03283700000611134 1036 24
0.030640000011771917 1942 46
0.031798999989405274 4034 96
0.03131099999882281 984 23
0.03167700002086349 985 23
0.032226999988779426 977 23
0.033020000002579764 1005 24
0.031737999990582466 2005 44
0.034180000016931444 1006 24
0.03619399998569861 995 22
0.034912000002805144 1955 43
0.03283700000611134 2005 45
0.03185999998822808 7976 192
0.03424100001575425 4041 95
0.032226999988779426 1982 46
0.033996000012848526 1009 24
0.04009999998379499 3954 89
0.03546099999221042 2022 47
0.03503400000045076 976 22
0.037597999995341524 1021 24
0.03613300001597963 978 23
0.03509499999927357 4009 97
0.03472899997723289 2995 72
0.035216999996919185 1997 49
0.033691000018734485 1950 47
0.03588899999158457 1040 25
0.032227000017883256 1963 45
0.03277600000728853 1982 48
0.03515700000571087 3033 68
0.0338130000163801 1980 43
0.03411800001049414 1995 47
0.03320400000666268 2988 71
0.03350799999316223 1010 24
0.0325320000119973 970 23
0.03118900000117719 1992 45
0.034912000002805144 1049 25
0.032959000003756955 971 23
0.03253199998289347 972 23
0.032959000003756955 1980 47
0.032287999987602234 2021 49
0.03277499999967404 968 22
0.03369199999724515 1009 24
0.0338130000163801 1012 24
0.03247099998407066 972 23
0.033263999997871 1006 23
0.03167799999937415 3986 96
0.034485000011045486 3027 75
0.03466800000751391 1976 48
0.03350900000077672 6009 147
0.03387400001520291 1006 23
0.03167699999175966 968 23
0.03161599999293685 2994 71
0.03271500000846572 2984 73
0.034118999989004806 1044 24
0.033324999996693805 1979 48
0.03167800002847798 966 23
0.03472899997723289 1037 22
0.03479000000515953 979 22
0.03472900000633672 3005 74
0.03424099998665042 1005 24
0.03424000000813976 975 23
0.03393599999253638 988 23
0.033814000023994595 976 22
0.033447999972850084 1978 48
0.03442400001222268 2034 49
0.03240900000673719 970 23
0.03283700000611134 3014 73
0.032226999988779426 967 23
0.032165000011445954 3034 73
0.033813999994890764 1006 24
0.03350799999316223 2998 71
0.038758000009693205 1988 42
0.03436300001339987 2959 71
0.03240999998524785 973 23
0.033325000025797635 1012 24
0.03344699999433942 992 21
0.034118999989004806 1010 23
0.03247100001317449 4971 121
0.032593000010820106 2021 47
0.03259200000320561 972 23
0.03436299998429604 1011 24
0.03424099998665042 1979 47
0.03308100000140257 1982 48
0.03338599999551661 3009 73
0.034119000018108636 4025 97
0.032959000003756955 1940 46
0.03393600002164021 4032 97
0.03948899998795241 4974 119
0.04388499999186024 2029 39
0.037780000013299286 956 15
0.03314200000022538 2992 48
0.03503400000045076 3997 71
0.03192099998705089 949 18
0.03320299999904819 1041 17
0.031067000003531575 968 19
0.034179999987827614 1026 19
0.03350800002226606 957 23
0.03387499999371357 998 23
0.0353389999945648 1991 47
0.03405800001928583 989 24
0.033020000002579764 2989 72
0.03472900000633672 3022 71
0.03466799997841008 1975 49
0.03546100002131425 2030 49
0.0327759999781847 948 23
0.03595000001951121 1025 25
0.03375199998845346 1008 22
0.033020000002579764 982 23
0.037536999996518716 4994 121
0.039489999995566905 1017 24
0.03839100000914186 2965 72
0.03686500000185333 978 23
0.04186999998637475 3049 60
0.046203000005334616 1069 12
0.0353389999945648 1874 29
0.03820799998356961 1971 34
0.030457000015303493 2976 54
0.0319819999858737 2003 36
0.0305180000141263 993 18
0.02893000000040047 955 18
0.03363099999842234 1054 24
0.034057000011671335 958 22
0.03210499999113381 972 23
0.04180899998755194 2024 47
0.03265300000202842 3979 93
0.031432999996468425 2003 44
0.033324999996693805 2032 48
0.03210500002023764 2944 70
0.03308100000140257 2033 48
0.03479000000515953 956 21
0.03894100000616163 2000 43
0.03448399997432716 1005 23
0.03546199999982491 1010 23
0.03271500000846572 954 22
0.03472900000633672 2037 48
0.032103999983519316 956 22
0.03387499999371357 994 23
0.03118900000117719 2980 68
0.0319819999858737 2027 48
0.030701000010594726 1986 47
0.031737999990582466 992 23
0.03167699999175966 993 23
0.03314200000022538 1038 24
0.03057900001294911 960 22
0.03222600001026876 2029 48
0.031798999989405274 999 23
0.0317380000196863 3936 94
0.03283700000611134 1031 24
0.030272999982116744 954 22
0.030639999982668087 3023 72
0.03186000001733191 993 23
0.03253199998289347 4012 94
0.03344699999433942 1952 47
0.03375300002517179 2031 49
0.030639999982668087 1976 45
0.032043999992311 3004 72
0.03277600000728853 994 23
0.03222600001026876 3012 72
0.03247099998407066 1999 47
0.033020000002579764 4006 96
0.031556000001728535 995 23
0.03204299998469651 993 23
0.031128000002354383 983 22
0.030456000007689 963 22
0.034974000009242445 1019 23
0.03057899998384528 2973 71
0.03155500002321787 992 23
0.031067000003531575 5000 120
0.032959000003756955 3025 72
0.03411800001049414 1976 46
0.030395999987376854 952 22
0.03198200001497753 3052 73
0.030395999987376854 954 22
0.03283700000611134 1036 24
0.032531000004382804 1988 47
0.03167799999937415 991 23
0.03155499999411404 992 23
0.030211999983293936 952 22
0.036866000009467825 1061 24
0.035888000013073906 940 21
0.03216599998995662 993 23
0.031432999996468425 991 23
0.031432999996468425 4024 96
0.033324999996693805 1970 46
0.03277600000728853 1031 24
0.03094500000588596 3966 95
0.03289800000493415 5004 122
0.03216599998995662 995 22
0.03240999998524785 5987 144
0.03356899999198504 1022 24
0.03118900000117719 954 21
0.032959000003756955 3031 73
0.033020000002579764 978 23
0.03326400002697483 4991 122
0.034118999989004806 3015 73
0.03479100001277402 2000 48
0.033996000012848526 1971 46
0.033813999994890764 1012 24
0.03185999998822808 971 23
0.034180000016931444 1012 24
0.033813999994890764 1991 48
0.03222600001026876 983 23
0.03283700000611134 981 23
0.03271500000846572 4024 97
0.03259200000320561 976 23
0.033020000002579764 1009 24
0.032287999987602234 970 23
0.03369199999724515 7043 170
0.03314200000022538 986 23
0.032470000005559996 2998 70
0.033324999996693805 1010 24
0.03210500002023764 968 23
0.03216599998995662 972 22
0.032835999998496845 971 23
0.03350900000077672 2014 46
0.03503400000045076 5018 120
0.03375200001755729 2004 48
0.03356999999959953 1007 24
0.031737999990582466 963 22
0.03424099998665042 2007 48
0.03192100001615472 967 23
0.03375199998845346 1045 24
0.03234900001552887 966 23
0.033814000023994595 5988 147
0.032653999980539083 2004 47
0.03375200001755729 1004 24
0.033324999996693805 1956 46
0.036743000004207715 1049 20
0.03711000000475906 979 18
0.03466800000751391 1000 22
0.03259200000320561 958 22
0.032164999982342124 3002 73
0.032226999988779426 5987 144
0.034057000011671335 1003 24
0.034179999987827614 2030 48
0.03423999997903593 6978 171
0.0353389999945648 2993 66
0.033020000002579764 950 23
0.03515599999809638 3026 74
0.03363000001991168 990 23
0.034179999987827614 985 22
0.03234800000791438 4002 97
0.03424099998665042 3020 74
0.03192100001615472 964 22
0.034118999989004806 1004 24
0.031495000002905726 1969 48
0.03466800000751391 1042 24
0.032103999983519316 965 23
0.03277600000728853 2006 48
0.033263999997871 2983 72
0.033813999994890764 987 24
0.033020000002579764 2992 74
0.03509499999927357 1045 25
0.033691000018734485 2994 73
0.032530999975278974 1969 47
0.032227000017883256 965 23
0.03277600000728853 2011 49
0.03387400001520291 3014 71
0.03301999997347593 967 23
0.03283700000611134 1006 23
0.033813999994890764 1002 24
0.03363000001991168 1008 24
0.03234899998642504 1958 47
0.03472900000633672 1048 25
0.03247100001317449 967 23
0.03442400001222268 3027 70
0.03466800000751391 4970 119
0.033995999983744696 2009 48
0.03247100001317449 967 23
0.03381299998727627 1006 24
0.04180900001665577 1966 44
0.04180899998755194 3003 63
0.03765800001565367 2018 33
0.03387499999371357 947 19
0.0353389999945648 1022 24
0.03576699999393895 1984 44
0.03411799998139031 1990 48
0.034485000011045486 1014 22
0.03399699999135919 2976 65
0.03802500001620501 985 20
0.033813999994890764 4008 97
0.03277600000728853 4992 119
0.03350799999316223 1008 23
0.0338130000163801 1010 24
0.035035000008065253 3971 96
0.03472900000633672 999 23
0.034362000005785376 998 24
0.0325320000119973 1944 48
0.03442399998311885 1025 22
0.034118999989004806 2027 49
0.03381299998727627 952 23
0.035706000024219975 1033 24
0.03509499999927357 2998 74
0.032654000009642914 993 21
0.03344699999433942 4958 121
0.03430100000696257 4023 98
0.03308100000140257 1978 48
0.0325320000119973 3004 72
0.03320299999904819 1002 23
0.03356899999198504 1002 23
0.034546000009868294 3988 98
0.03308100000140257 948 23
0.03576699999393895 1031 25
0.03417900000931695 2012 48
0.03179999999701977 967 23
0.03350799999316223 1007 24
0.03375199998845346 1006 24
0.03271500000846572 964 22
0.032593000010820106 2014 48
0.034056999982567504 2985 73
0.03118900000117719 8988 216
0.04113800000050105 2004 45
0.03497300000162795 1993 47
0.032653999980539083 2978 69
0.03350799999316223 1035 24
0.03009000001475215 953 22
0.03247099998407066 2031 48
0.030334000010043383 950 22
0.03192099998705089 2021 47
0.030456999986199662 2975 71
0.03204300001380034 996 23
0.03051799998502247 3988 94
0.03271500000846572 1035 24
0.030882999999448657 952 22
0.03125 3026 72
0.032043999992311 990 23
0.036866000009467825 2005 45
0.04229700000723824 975 21
0.03277600000728853 5986 145
0.03320299999904819 1009 23
0.032958999974653125 2003 48
0.030944999976782128 4961 119
0.03234799997881055 2999 71
0.03155500002321787 994 23
0.03234900001552887 2029 48
0.03839100000914186 1949 44
0.034485000011045486 3027 72
0.03241000001435168 2975 71
0.03491199997370131 1037 24
0.03332599997520447 5949 142
0.03155500002321787 995 23
0.032287999987602234 2988 70
0.032165000011445954 1034 24
0.03185999998822808 990 23
0.032226999988779426 1985 47
0.03155499999411404 992 23
0.032165000011445954 2995 72
0.03424100001575425 2023 49
0.031798999989405274 994 23
0.031006000004708767 1946 46
0.032959000003756955 1034 24
0.03057900001294911 2949 70
0.031737999990582466 2057 49
0.032288000016706064 995 23
0.030333999980939552 951 22
0.03198299999348819 994 23
0.03198200001497753 995 23
0.03247100001317449 1019 23
0.032226999988779426 987 23
0.03240900000673719 968 23
0.03277600000728853 3027 73
0.03308100000140257 1002 24
0.03320299999904819 1001 23
0.03283700000611134 4951 117
0.03424100001575425 2036 50
0.03387499999371357 2000 48
0.03222600001026876 967 23
0.034546000009868294 2016 49
0.031432999996468425 970 22
0.03289800000493415 2020 49
0.032959000003756955 2982 72
0.032959000003756955 1980 48
0.03448399997432716 1047 24
0.03210500002023764 968 22
0.03363099999842234 3000 73
0.03234899998642504 1952 48
0.034180000016931444 1038 25
0.03344699999433942 997 23
0.03277600000728853 981 22
0.03350900000077672 1974 42
0.033690999989630654 1004 22
0.03472900000633672 996 24
0.033324999996693805 1991 49
0.03466799997841008 2018 49
0.033813999994890764 2974 73
0.037108999997144565 2022 49
0.034850999974878505 3999 99
0.03442400001222268 992 23
0.034851000003982335 1981 47
0.03344699999433942 3962 98
0.035216999996919185 4016 99
0.03460600000107661 4006 99
0.03247099998407066 951 23
0.03424099998665042 4024 98
0.03546199999982491 1029 25
0.03271400000085123 950 23
0.03466800000751391 5003 123
0.03466799997841008 1985 49
0.03479000000515953 1028 24
0.03466800000751391 989 24
0.03497300000162795 3964 97
0.03521799997542985 1026 25
0.03448400000343099 987 24
0.033752999996067956 2976 73
0.03436300001339987 994 24
0.03430099997785874 1016 24
0.034851000003982335 3006 74
0.03393599999253638 989 24
0.03576699999393895 2012 50
0.03314200000022538 943 22
0.03472900000633672 1031 24
0.035278000024845824 1991 49
0.03460699997958727 995 24
0.034057000011671335 994 23
0.03436299998429604 993 24
0.035706000024219975 1027 21
0.035582999989856035 1971 47
0.034851000003982335 1990 48
0.033325000025797635 4970 123
0.03521799997542985 1027 24
0.033691000018734485 960 23
0.03472900000633672 6031 150
0.03356999999959953 968 21
0.034485000011045486 997 24
0.03411799998139031 995 24
0.034485000011045486 996 24
0.033629999990807846 1981 48
0.035035000008065253 1026 25
0.03289800000493415 2967 73
0.03778099999180995 3024 62
0.035217000026023015 1988 49
0.03424099998665042 990 24
0.032896999997319654 961 23
0.03497300000162795 2040 50
0.033020000002579764 960 23
0.03466800000751391 985 23
0.03509499999927357 2030 50
0.03509600000688806 3965 98
0.0346070000086911 989 24
0.03448400000343099 998 24
0.03466799997841008 996 24
0.03527900000335649 2020 50
0.0333260000043083 3959 93
0.034912000002805144 2032 49
0.034485000011045486 3979 97
0.03271499997936189 1991 49
0.0361329999868758 7027 151
0.034912000002805144 2944 61
0.03466800000751391 3018 66
0.03338599999551661 949 23
0.03503400000045076 2998 73
0.035216999996919185 1001 24
0.0346070000086911 998 24
0.034546000009868294 997 24
0.03436299998429604 1004 23
0.034851000003982335 2995 72
0.0353389999945648 986 21
0.035216999996919185 1982 48
0.034912000002805144 2018 47
0.03308100000140257 1999 48
0.03204299998469651 971 23
0.03424100001575425 1034 23
0.03210499999113381 1949 47
0.03387399998609908 1014 24
0.032227000017883256 980 23
0.03271400000085123 980 23
0.034974000009242445 1020 24
0.03161599999293685 2983 70
0.034118999989004806 1026 24
0.037108999997144565 2996 72
0.03289800000493415 2976 71
0.03283700000611134 1991 48
0.03338599999551661 1013 24
0.034057999990182 1018 24
0.031433000025572255 934 22
0.03479000000515953 6046 148
0.03338599999551661 977 22
0.03271500000846572 1994 48
0.03356899999198504 1014 24
0.0325320000119973 988 23
0.03149399999529123 994 23
0.03198299999348819 994 23
0.033996000012848526 3997 94
0.033020000002579764 2979 72
0.03271499997936189 974 23
0.03771999999298714 2996 72
0.03271499997936189 2000 48
0.03430200001457706 2017 47
0.032653999980539083 981 23
0.03314200000022538 4981 121
0.03466799997841008 1022 24
0.032593000010820106 985 23
0.032593000010820106 982 23
0.03247099998407066 3002 72
0.03326500000548549 3982 97
0.03344699999433942 1018 24
0.03320299999904819 3998 96
0.033691000018734485 1966 47
0.032592999981716275 3001 73
0.03271499997936189 3015 72
0.03314200000022538 1998 48
0.033324999996693805 2968 72
0.034545999980764464 1017 23
0.03265300000202842 985 23
0.032959000003756955 2007 48
0.032226999988779426 986 23
0.03283700000611134 2004 48
0.03204299998469651 1986 47
0.0338750000228174 1015 24
0.032165000011445954 3945 96
0.036010999989230186 2054 51
0.034546000009868294 980 23
0.034485000011045486 1993 49
0.03314200000022538 3974 97
0.03472900000633672 2996 72
0.034545999980764464 995 24
0.03424000000813976 2023 50
0.03381299998727627 1955 48
0.03527799999574199 2016 48
0.03320299999904819 957 22
0.03436300001339987 4052 99
0.03466799997841008 1993 49
0.03515599999809638 1983 47
0.034423000004608184 3016 73
0.03338599999551661 1948 48
0.03472900000633672 995 24
0.033020000002579764 1980 47
0.034057999990182 2014 50
0.03497300000162795 4026 85
0.036010999989230186 990 23
0.034485000011045486 994 24
0.03430199998547323 993 24
0.034485000011045486 997 24
0.03460699997958727 1985 49
0.03576600001542829 3010 74
0.03289800000493415 955 23
0.03424099998665042 993 24
0.034485000011045486 996 24
0.03430199998547323 996 24
0.0345450000022538 986 24
0.03564399998867884 2007 46
0.03442399998311885 2003 44
0.03448399997432716 2016 50
0.03582800002186559 987 22
0.03527799999574199 965 23
0.034851999982493 997 24
0.03533900002366863 3033 74
0.03460699997958727 1001 24
0.03527799999574199 1976 47
0.03479000000515953 991 24
0.03424100001575425 7965 197
0.03491300001041964 4014 98
0.03387499999371357 3010 73
0.034912000002805144 992 24
0.034057000011671335 993 24
0.034912000002805144 3020 74
0.03399699999135919 955 23
0.0353389999945648 3013 72
0.033082000009017065 964 23
0.03601000001071952 1028 25
0.03283699997700751 953 22
0.03515700000571087 2016 50
0.03515599999809638 5018 124
0.03240999998524785 954 21
0.0360709999804385 3027 74
0.03576599998632446 5002 121
0.03442400001222268 993 24
0.03289800000493415 955 23
0.03393599999253638 993 24
0.03576599998632446 1030 24
0.034851000003982335 2990 75
0.034851000003982335 1980 47
0.03430199998547323 1979 49
0.034851000003982335 4015 100
0.033020000002579764 978 22
0.03546099999221042 1021 24
0.03356999999959953 951 23
0.03546099999221042 1027 25
0.0347899999760557 3968 98
0.03594999999040738 2047 49
0.03472899997723289 3937 98
0.03448400000343099 2000 50
0.03479000000515953 1009 23
0.03442400001222268 1997 50
0.034118999989004806 982 24
0.03472900000633672 1024 24
0.0346070000086911 980 24
0.03527799999574199 1019 25
0.03308100000140257 1976 47
0.034057999990182 987 24
0.034546000009868294 987 24
0.03460600000107661 993 23
0.03308100000140257 2995 72
0.03515599999809638 1015 25
0.033629999990807846 1968 48
0.03576700002304278 1025 25
0.03387499999371357 975 24
0.03503400000045076 3023 73
0.036010999989230186 1999 49
0.034361999976681545 1958 48
0.03491300001041964 986 24
0.034057000011671335 1018 23
0.03436299998429604 985 24
0.03356999999959953 1987 49
0.035521999991033226 1020 24
0.03515700000571087 1017 25
0.0346070000086911 3939 97
0.035949000011896715 1055 26
0.034179999987827614 977 24
0.032654000009642914 979 23
0.03594999999040738 1016 24
0.0346070000086911 1989 50
0.034546000009868294 2970 72
0.032653999980539083 1979 48
0.03271500000846572 3996 99
0.03338599999551661 2991 75
0.03320299999904819 2005 47
0.04913300002226606 4996 118
0.04760700001497753 2980 68
0.04315200002747588 1977 47
0.035583000018959865 3024 67
0.03509599997778423 2002 48
0.03729200002271682 981 23
0.034850999974878505 2004 48
0.034119000018108636 953 22
0.0353389999945648 1033 25
0.035948999982792884 1999 47
0.033814000023994595 964 21
0.03472899997723289 993 24
0.04473900000448339 3045 73
0.040160999982617795 2955 70
0.04107600002316758 1034 20
0.03808599998592399 980 23
0.035340000002179295 974 23
0.033690999989630654 2964 71
0.0354010000010021 1028 24
0.036071999988052994 992 18
0.03887899999972433 971 22
0.03845200000796467 1006 19
0.03466800000751391 1030 23
0.03509499999927357 1955 45
0.034057000011671335 994 24
0.03619399998569861 2009 48
0.036072000017156824 2991 73
0.034851000003982335 2009 49
0.034119000018108636 981 24
0.03393599999253638 982 24
0.035521999991033226 1022 25
0.04730199999175966 4980 118
0.036438000010093674 987 23
0.03539999999338761 2022 48
0.03601000001071952 2951 70
0.0366830000129994 1037 24
0.03277600000728853 1959 47
0.0333260000043083 2987 71
0.03387399998609908 1001 24
0.03399700002046302 2030 49
0.034180000016931444 1967 47
0.03338599999551661 1005 24
0.03460699997958727 2005 49
0.03314200000022538 2961 73
0.032653999980539083 2001 48
0.03430200001457706 1000 24
0.03277600000728853 2003 48
0.03277600000728853 965 23
0.03265300000202842 4020 96
0.03387499999371357 1003 24
0.03271500000846572 965 23
0.033324999996693805 1001 23
0.03338599999551661 2021 48
0.030639999982668087 951 22
0.032226999988779426 3036 73
0.03277600000728853 4018 97
0.03228699997998774 969 23
0.03320299999904819 991 22
0.033263999997871 1987 48
0.03149399999529123 981 23
0.03088400000706315 3995 96
0.032470000005559996 2011 47
0.031921999994665384 6011 145
0.032531000004382804 1017 23
0.03118900000117719 3946 95
0.032043999992311 990 23
0.033020000002579764 1029 24
0.029967999988002703 946 22
0.032043999992311 2038 48
0.03210499999113381 1984 4
0.03234800000791438 994 23
0.03076100000180304 2968 71
0.03240999998524785 1010 22
0.032043999992311 1974 47
0.03247100001317449 5028 123
0.033020000002579764 980 23
0.03192099998705089 968 23
0.03320400000666268 1011 24
0.032653999980539083 5021 123
0.03338599999551661 995 23
0.033448000001953915 1008 24
0.032896999997319654 1982 48
0.03271500000846572 979 23
0.03784199999063276 1014 24
0.03198299999348819 976 23
0.03234800000791438 976 23
0.034485000011045486 1037 24
0.033448000001953915 1967 48
0.032287999987602234 2999 73
0.032531000004382804 2988 73
0.03442400001222268 1011 24
0.03125 4968 120
0.03393599999253638 1012 24
0.034485000011045486 5014 123
0.03204299998469651 963 23
0.03350799999316223 1004 24
0.033324999996693805 4973 122
0.033813999994890764 1016 24
0.033690999989630654 1009 24
0.03283700000611134 1977 48
0.032959000003756955 1999 48
0.0358890000206884 1022 25
0.034851000003982335 1972 49
0.03497300000162795 2975 74
0.03527799999574199 5022 127
0.03613300001597963 4000 98
0.03668200000538491 1994 50
0.034484999981941655 1996 50
0.03656000000773929 4000 101
0.032959000003756955 951 23
0.03479000000515953 2014 49
0.035216999996919185 3999 99
0.033995999983744696 8988 221
0.03424099998665042 2011 49
0.032959000003756955 965 23
0.034484999981941655 10041 240
0.03363000001991168 1004 24
0.03479000000515953 1963 47
0.034056999982567504 4995 122
0.032654000009642914 996 23
0.04193099998519756 4000 94
0.039366999990306795 969 22
0.03503400000045076 3004 72
0.0345450000022538 1980 47
0.03521800000453368 1031 24
0.03350799999316223 989 23
0.032164999982342124 1962 46
0.03363099999842234 990 23
0.03405800001928583 5033 121
0.03436299998429604 1958 47
0.036804000003030524 1048 25
0.03356899999198504 1954 47
0.0346070000086911 1035 24
0.03442399998311885 5986 144
0.03356900002108887 989 23
0.0325320000119973 5979 146
0.03247099998407066 3998 98
0.03247099998407066 1992 49
0.033691000018734485 2999 70
0.034545999980764464 992 24
0.03430199998547323 1998 49
0.034362000005785376 979 24
0.03363099999842234 987 24
0.03375300002517179 2025 46
0.03234799997881055 967 23
0.03308100000140257 2007 48
0.033324999996693805 1007 24
0.033813999994890764 1006 24
0.03375200001755729 1002 24
0.031860999995842576 1958 47
0.03393499998492189 1038 24
0.03338599999551661 2994 72
0.03289800000493415 1963 48
0.03399700002046302 4008 99
0.034485000011045486 2005 48
0.032531000004382804 964 23
0.034484999981941655 1046 25
0.033020000002579764 3931 96
0.033387000003131106 1008 23
0.03619300000718795 1017 25
0.034912000002805144 1950 49
0.03619399998569861 1054 26
0.033263999997871 943 23
0.03576599998632446 2030 51
0.03442400001222268 986 24
0.03479000000515953 2003 50
0.034057999990182 977 24
0.03387400001520291 1996 49
0.0354010000010021 1020 24
0.03515599999809638 1963 49
0.03509499999927357 2004 50
0.03539999999338761 1020 25
0.03479000000515953 2981 75
0.03631599998334423 2022 48
0.033691000018734485 949 23
0.03350900000077672 4989 125
0.03521800000453368 2997 74
0.03509499999927357 1984 49
0.03546199999982491 1033 23
0.03918399999383837 994 22
0.04455599997891113 3000 70
0.04248100001132116 1969 47
0.03747599999769591 2001 45
0.034912000002805144 984 23
0.03863599998294376 2013 47
0.03424099998665042 1948 47
0.036071999988052994 1998 48
0.034180000016931444 2986 72
0.03503400000045076 992 24
0.03668200000538491 1026 22
0.03558399999747053 1027 25
0.03576700002304278 2004 49
0.03399700002046302 1927 46
0.0353389999945648 1030 24
0.03466800000751391 987 24
0.0347899999760557 989 24
0.03576699999393895 3010 74
0.03527799999574199 2969 72
0.03472900000633672 993 24
0.034851000003982335 2016 50
0.034057000011671335 989 23
0.03387499999371357 986 23
0.03430199998547323 1000 22
0.03527799999574199 2022 49
0.033325000025797635 954 23
0.035340000002179295 2028 50
0.03375199998845346 4975 123
0.0346070000086911 986 24
0.03594999999040738 1026 25
0.034180000016931444 990 24
0.03503400000045076 2008 50
0.034912000002805144 1956 48
0.03479000000515953 1995 48
0.034545999980764464 2994 74
0.0345450000022538 985 24
0.036377000011270866 1058 25
0.037963999988278374 937 16
0.03442399998311885 1998 48
0.03497300000162795 983 23
0.033752999996067956 2009 48
0.03515599999809638 1029 24
0.03283700000611134 986 22
0.03387400001520291 991 23
0.034118999989004806 1980 47
0.034057000011671335 1004 23
0.034057000011671335 2007 49
0.03350900000077672 1992 47
0.032959000003756955 1969 48
0.03363099999842234 1004 24
0.03430199998547323 3022 73
0.035706000024219975 5969 141
0.03497300000162795 2978 71
0.03686500000185333 1038 24
0.03363099999842234 1995 47
0.032103999983519316 953 22
0.03479000000515953 1043 24
0.0319819999858737 4949 121
0.03479000000515953 1039 24
0.03320299999904819 998 23
0.03479099998367019 3975 98
0.03509499999927357 1009 23
0.03430100000696257 981 24
0.03466800000751391 2001 50
0.03546099999221042 1966 48
0.03320299999904819 2968 73
0.03509499999927357 3045 75
0.034485000011045486 987 23
0.034057999990182 981 24
0.03436300001339987 992 24
0.03491199997370131 3985 100
0.0354010000010021 988 24
0.033996000012848526 1017 24
0.03350799999316223 2971 74
0.03356899999198504 3038 72
0.03308100000140257 1974 46
0.03399699999135919 4028 99
0.03234800000791438 962 23
0.034546000009868294 4020 98
0.03277600000728853 964 23
0.033690999989630654 1002 24
0.0327759999781847 2001 48
0.03247100001317449 3002 72
0.03320300002815202 1966 48
0.033324999996693805 1004 24
0.03460699997958727 1007 24
0.03472900000633672 5019 123
0.03448400000343099 1979 48
0.033082000009017065 992 23
0.03411799998139031 1009 24
0.03241000001435168 966 23
0.03271400000085123 4002 97
0.034118999989004806 1002 24
0.03167699999175966 3960 97
0.03387400001520291 2045 49
0.032226999988779426 957 23
0.033813999994890764 2010 48
0.03222600001026876 968 23
0.03387400001520291 5010 122
0.03375199998845346 1995 46
0.034118999989004806 2000 49
0.03430200001457706 1009 23
0.03131099999882281 963 22
0.03381299998727627 1005 24
0.03344700002344325 1006 24
0.03448400000343099 1995 48
0.03247100001317449 2974 72
0.03393500001402572 1008 23
0.03363099999842234 1005 24
0.03411799998139031 2004 48
0.03320299999904819 989 22
0.03424099998665042 2004 49
0.034851000003982335 2001 48
0.034179999987827614 2986 73
0.034057000011671335 2000 48
0.03356999999959953 995 24
0.03314200000022538 1945 46
0.032531000004382804 3004 74
0.034180000016931444 2027 49
0.033752999996067956 1000 24
0.033629999990807846 1963 47
0.033813999994890764 1004 24
0.03595000001951121 4011 83
0.03539999999338761 968 22
0.034057999990182 6002 146
0.03241000001435168 1991 47
0.03381299998727627 1007 24
0.034362000005785376 3015 73
0.03308100000140257 964 23
0.032593000010820106 995 23
0.03344699999433942 993 23
0.03460699997958727 1013 24
0.03247100001317449 969 23
0.03247100001317449 978 21
0.036071999988052994 1031 25
0.032470000005559996 1971 48
0.03442400001222268 5020 122
0.03320299999904819 1008 24
0.033813999994890764 1007 24
0.03582799999276176 4937 116
0.03503400000045076 2000 48
0.034546000009868294 2033 48
0.033324999996693805 1010 22
0.03332599997520447 1962 48
0.03424000000813976 1002 24
0.033263999997871 1004 23
0.03179999999701977 964 23
0.03417900000931695 1003 24
0.034180000016931444 4001 97
0.03375199998845346 1999 47
0.03369199999724515 1004 24
0.034057000011671335 1000 23
0.036804000003030524 5030 121
0.04229700000723824 2947 70
0.03686500000185333 1983 48
0.037108999997144565 4011 98
0.03417899998021312 4995 121
0.03393600002164021 991 23
0.033995999983744696 995 23
0.03247100001317449 957 22
0.034057000011671335 11043 265
0.033020000002579764 1951 45
0.032654000009642914 2021 48
0.03192100001615472 2015 48
0.031737999990582466 2979 71
0.033020000002579764 2010 48
0.032592999981716275 973 23
0.03289800000493415 973 23
0.03387499999371357 1004 24
0.03198299999348819 2991 73
0.0317380000196863 987 23
0.03271499997936189 1027 24
0.031556000001728535 1982 47
0.03210499999113381 2013 48
0.03088400000706315 3969 95
0.03381299998727627 1027 24
0.03283699997700751 2974 71
0.03167699999175966 1999 47
0.03234800000791438 2012 48
0.03613300001597963 998 22
0.0381469999847468 983 21
0.03839100000914186 991 20
0.03900200000498444 996 17
0.044006000010995194 1963 36
0.03479000000515953 3998 97
0.038269000011496246 2007 47
0.03393500001402572 1962 45
0.034912000002805144 1021 20
0.03344699999433942 2961 69
0.03363099999842234 1017 24
0.03466799997841008 2010 48
0.032654000009642914 1963 46
0.03271500000846572 978 23
0.03241000001435168 1986 48
0.03479000000515953 1051 25
0.03234899998642504 969 23
0.033629999990807846 1013 24
0.03344699999433942 3006 71
0.03082200000062585 3974 96
0.032287999987602234 1976 46
0.036866000009467825 2017 47
0.033996000012848526 3005 70
0.03314200000022538 1985 46
0.031860999995842576 4967 121
0.03344700002344325 1033 24
0.03039499997976236 952 22
0.032227000017883256 995 23
0.03289800000493415 1028 23
0.032288000016706064 1985 47
0.0319819999858737 2013 47
0.030396000016480684 951 22
0.030578000005334616 3998 96
0.03240999998524785 993 23
0.03277600000728853 1029 24
0.032959000003756955 2001 48
0.034056999982567504 1004 24
0.03204400002141483 958 23
0.03381299998727627 2002 48
0.03387499999371357 999 24
0.033263999997871 964 23
0.033324999996693805 4993 121
0.034484999981941655 987 24
0.034851000003982335 1015 25
0.03424099998665042 4032 100
0.03430200001457706 3003 73
0.03393500001402572 3993 95
0.034361999976681545 1964 48
0.03185999998822808 4977 121
0.03515700000571087 1038 25
0.03350799999316223 1999 49
0.03521800000453368 1969 47
0.032959000003756955 964 23
0.03442400001222268 1045 25
0.03320299999904819 991 22
0.033324999996693805 1008 24
0.03228700000909157 964 23
0.03936799999792129 4990 117
0.0366210000065621 1014 24
0.036011000018334016 2000 48
0.03228699997998774 950 22
0.03308100000140257 998 23
0.033020000002579764 5030 122
0.0325320000119973 968 23
0.03241000001435168 1972 47
0.034851000003982335 1044 25
0.03234899998642504 963 23
0.03356899999198504 1005 24
0.03423999997903593 2019 49
0.03198300002259202 964 23
0.03155499999411404 5989 146
0.034056999982567504 1001 24
0.04333499999484047 1993 47
0.044433999981265515 2019 47
0.0358270000142511 2973 72
0.03582799999276176 1016 24
0.03430199998547323 970 23
0.03344699999433942 6013 144
0.03460699997958727 4011 95
0.03393599999253638 5988 144
0.03466799997841008 1973 46
0.03289800000493415 987 23
0.034912000002805144 3003 72
0.034851000003982335 1033 24
0.03289800000493415 986 23
0.03179999999701977 4993 121
0.034179999987827614 3979 98
0.03314200000022538 1005 23
0.031432999996468425 1974 47
0.033020000002579764 1030 24
0.032165000011445954 991 23
0.031737999990582466 3996 96
0.03265300000202842 3946 95
0.031922000023769215 1001 23
0.031737999990582466 987 23
0.03289800000493415 3033 72
0.03234899998642504 2003 48
0.031799000018509105 986 23
0.032226999988779426 979 23
0.03289800000493415 1022 24
0.032593000010820106 2968 71
0.030639999982668087 1966 47
0.03118800002266653 2993 72
0.033081999979913235 1033 24
0.0317380000196863 986 23
0.03198299999348819 2007 48
0.03204300001380034 983 23
0.03283700000611134 1029 24
0.03088399997795932 945 22
0.032654000009642914 1023 24
0.03234800000791438 2984 71
0.03198200001497753 2011 48
0.031065999995917082 2967 71
0.032959000003756955 1029 24
0.03247100001317449 2996 72
0.03240900000673719 1979 47
0.03198299999348819 3997 96
0.03082299997913651 1967 47
0.03729199999361299 4000 97
0.03497300000162795 2005 47
0.034546000009868294 975 23
0.036438000010093674 3021 73
0.034118999989004806 1983 47
0.033629999990807846 995 23
0.03582799999276176 1041 23
0.039856000017607585 926 21
0.044005999981891364 2038 48
0.045104999997420236 2990 71
0.043212000018684193 958 22
0.04535000000032596 1009 23
0.04455500000040047 3022 72
0.04315199999837205 961 21
0.04492200000095181 2014 48
0.04266400000778958 945 22
0.050476000003982335 5028 114
0.052857000002404675 976 20
0.05590799998026341 3036 64
0.05499299999792129 956 18
0.04870600000140257 1991 30
0.05059800000162795 2985 54
0.043639999988954514 964 22
0.04528799999388866 2018 47
0.04485999999451451 1006 23
0.04303000000072643 960 22
0.04522699999506585 2984 69
0.047423999989405274 1021 24
0.044800000003306195 981 23
0.04559300001710653 1000 23
0.04437299998244271 972 23
0.04229699997813441 10993 262
0.044800000003306195 970 22
0.05377200001385063 6006 137
0.04473900000448339 2971 71
0.045104999997420236 1006 23
0.04412799997953698 997 23
0.043274000025121495 994 23
0.0427239999989979 1962 44
0.04345700002158992 994 23
0.04418999998597428 2026 48
0.042542000010143965 4961 116
0.045836999983293936 1030 24
0.04376200001570396 999 23
0.044800000003306195 2988 71
0.04284700000425801 951 22
0.045471000019460917 2034 47
0.042175999988103285 2971 71
0.047058000025572255 1041 24
0.04986600001575425 1970 46
0.05627400000230409 1013 23
0.033813999994890764 2924 69
0.03521800000453368 3040 73
0.03424000000813976 1008 23
0.03729300000122748 2937 67
0.041320999996969476 3017 67
0.03564399998867884 4984 94
0.03582800002186559 995 23
0.03503400000045076 975 22
0.03820799998356961 1041 23
0.03308100000140257 1957 38
0.031921999994665384 1024 18
0.03271499997936189 3970 84
0.031922000023769215 1956 47
0.033263999997871 3006 71
0.03344699999433942 2031 49
0.03210500002023764 975 23
0.03411799998139031 1023 24
0.032592999981716275 4000 94
0.03161600002204068 993 23
0.031006000004708767 952 22
0.0319819999858737 992 23
0.03320400000666268 1033 24
0.030456999986199662 1979 47
0.03131099999882281 1980 47
0.032469999976456165 1014 23
0.03228700000909157 4996 120
0.032043999992311 990 23
0.03271400000085123 1032 23
0.032593000010820106 1981 47
0.030700999981490895 951 22
0.034180000016931444 1037 24
0.03076100000180304 957 22
0.03240999998524785 1031 24
0.03289800000493415 3007 71
0.032288000016706064 3994 96
0.033263999997871 4974 122
0.032593000010820106 4972 120
0.03240900000673719 1014 22
0.03247100001317449 3008 72
0.03167699999175966 993 23
0.0325320000119973 2985 72
0.03320299999904819 1012 24
0.03308100000140257 3005 72
0.03088400000706315 955 22
0.031067000003531575 3001 72
0.03411799998139031 3010 71
0.030701000010594726 952 22
0.03302100001019426 4013 97
0.0347899999760557 1035 23
0.034546000009868294 3997 96
0.031860999995842576 987 23
0.031006000004708767 1974 47
0.032226999988779426 999 22
0.032165000011445954 993 23
0.03125 991 23
0.03515599999809638 2025 48
0.032287999987602234 991 23
0.030640000011771917 948 22
0.031921999994665384 1998 47
0.03387400001520291 1004 24
0.035278000024845824 2005 50
0.03515599999809638 987 23
0.03466799997841008 2007 50
0.034179999987827614 1990 48
0.03509499999927357 2023 50
0.034851000003982335 993 24
0.03417900000931695 3972 98
0.03423999997903593 3999 98
0.03247100001317449 963 22
0.03350799999316223 1008 24
0.03509499999927357 1048 25
0.03375199998845346 3935 96
0.034057000011671335 3038 73
0.033752999996067956 1026 24
0.03411800001049414 986 23
0.03399699999135919 1949 47
0.03527799999574199 1000 24
0.03430199998547323 4014 98
0.03283699997700751 6961 170
0.0325320000119973 3015 72
0.03314200000022538 1952 44
0.035340000002179295 1027 25
0.0353389999945648 991 23
0.033691000018734485 2979 73
0.033263999997871 992 22
0.03320299999904819 3014 74
0.0317380000196863 966 22
0.03393599999253638 4011 98
0.03375200001755729 1004 24
0.03424100001575425 2009 49
0.032226999988779426 966 22
0.03466800000751391 4022 99
0.03503400000045076 2985 73
0.03338599999551661 1009 23
0.03289799997583032 2960 72
0.03472900000633672 1039 24
0.04107600002316758 1953 46
0.03436299998429604 979 23
0.03540000002249144 4049 97
0.034546000009868294 1977 46
0.03247099998407066 957 22
0.03399699999135919 3040 73
0.031798999989405274 5940 145
0.03320299999904819 2046 49
0.03192100001615472 964 23
0.035705999995116144 1046 25
0.03271500000846572 1934 45
0.03344699999433942 2015 49
0.033448000001953915 1005 23
0.032531000004382804 967 23
0.032959000003756955 1004 23
0.03399700002046302 2976 74
0.03479000000515953 2002 50
0.0358890000206884 1020 24
0.03503400000045076 2007 49
0.03387400001520291 1003 24
0.03289800000493415 989 23
0.0327759999781847 968 23
0.034912000002805144 1047 25
0.03399699999135919 1970 47
0.0338130000163801 1006 24
0.033448000001953915 1005 24
0.03241000001435168 1959 46
0.03289800000493415 3980 97
0.03442400001222268 4029 100
0.03241000001435168 968 23
0.033995999983744696 1009 24
0.033082000009017065 969 23
0.032654000009642914 2012 48
0.03387399998609908 1011 24
0.03314200000022538 970 23
0.033448000001953915 1015 23
0.03344699999433942 2020 49
0.033629999990807846 3986 97
0.03479000000515953 2994 74
0.0338750000228174 1964 49
0.033448000001953915 5986 149
0.03594999999040738 3027 75
0.034057999990182 981 24
0.03216600001906045 1993 49
0.033020000002579764 1991 47
0.033387000003131106 1975 48
0.0346070000086911 4047 99
0.03185999998822808 951 22
0.03497300000162795 1044 25
0.03216600001906045 938 22
0.03277600000728853 3017 73
0.03649900000891648 2028 48
0.03460699997958727 1987 47
0.03234900001552887 971 23
0.03417899998021312 1008 24
0.03271500000846572 1003 22
0.032043999992311 966 23
0.03472900000633672 1049 25
0.031737999990582466 928 22
0.034485000011045486 1036 24
0.034180000016931444 1979 47
0.033690999989630654 1003 24
0.032103999983519316 1979 47
0.034485000011045486 1046 25
0.032959000003756955 1958 46
0.03387399998609908 1006 24
0.0338750000228174 1010 24
0.0338750000228174 1980 47
0.03271499997936189 968 23
0.03320299999904819 1009 24
0.033995999983744696 4005 97
0.03277600000728853 970 23
0.03350799999316223 3012 74
0.03479000000515953 994 24
0.031737999990582466 2985 72
0.03424100001575425 1002 24
0.03375199998845346 1999 48
0.03277499999967404 3021 74
0.032226999988779426 957 23
0.03381299998727627 2035 50
0.03277499999967404 2966 72
0.032043999992311 1985 48
0.033752999996067956 2995 73
0.03240900000673719 2008 48
0.034485000011045486 2022 48
0.033263999997871 994 23
0.03350900000077672 1009 24
0.04571499998564832 6951 139
0.04010000001289882 981 17
0.046692000003531575 1019 21
0.03594999999040738 2004 45
0.03509499999927357 986 22
0.03802500001620501 984 22
0.03497300000162795 2979 56
0.03387399998609908 1025 18
0.031495000002905726 1021 18
0.032531000004382804 912 21
0.03546199999982491 1030 25
0.03552299999864772 1998 47
0.03356899999198504 2967 72
0.03460699997958727 3994 99
0.03540000002249144 3035 76
0.03369199999724515 3952 98
0.034423000004608184 1010 24
0.03576699999393895 1025 25
0.03466799997841008 1983 49
0.03497300000162795 994 24
0.040527000004658476 1003 23
0.045960000017657876 987 23
0.03509599997778423 2978 71
0.037108999997144565 4006 97
0.03289800000493415 1972 47
0.03466800000751391 979 23
0.035521999991033226 1029 24
0.0361329999868758 2011 47
0.033629999990807846 3962 96
0.03564399998867884 1020 24
0.034485000011045486 4005 97
0.034850999974878505 983 23
0.034851000003982335 2988 72
0.03375199998845346 984 23
0.034485000011045486 984 20
0.03527900000335649 1017 24
0.03479000000515953 976 23
0.03314200000022538 3003 73
0.03356899999198504 1014 24
0.03375300002517179 1018 24
0.034180000016931444 1988 48
0.03222599998116493 973 23
0.03149399999529123 1983 48
0.03161599999293685 1987 48
0.03308100000140257 1011 24
0.03308100000140257 2015 47
0.03247100001317449 977 23
0.03247099998407066 973 23
0.0345450000022538 1054 25
0.03338599999551661 4964 122
0.032593000010820106 967 23
0.034850999974878505 1050 25
0.03161599999293685 2957 72
0.03350799999316223 3029 73
0.03436300001339987 2993 73
0.033690999989630654 2964 72
0.03137300000526011 1984 47
0.03350800002226606 2021 49
0.03320299999904819 1015 24
0.03271500000846572 4961 122
0.032959000003756955 3000 73
0.033324999996693805 1007 24
0.03338599999551661 1008 24
0.03247100001317449 3976 97
0.0325320000119973 3985 97
0.03308100000140257 3994 97
0.03424000000813976 2033 48
0.03271500000846572 6960 171
0.033324999996693805 2015 48
0.03320299999904819 1988 48
0.03289800000493415 3008 73
0.034484999981941655 2996 73
0.03295800002524629 965 23
0.03253199998289347 1993 48
0.034912000002805144 1036 25
0.034851000003982335 4976 125
0.03381299998727627 980 24
0.033629999990807846 1991 48
0.034912000002805144 2012 50
0.0361329999868758 1999 49
0.033263999997871 2977 73
0.034546000009868294 990 24
0.03564399998867884 1032 25
0.034180000016931444 986 24
0.034912000002805144 987 24
0.034484999981941655 2989 75
0.03479000000515953 2004 49
0.034912000002805144 991 24
0.034484999981941655 991 24
0.03466800000751391 1001 24
0.034485000011045486 2006 50
0.033387000003131106 2945 73
0.03515599999809638 2014 49
0.03509499999927357 12025 304
0.033448000001953915 1963 48
0.033814000023994595 2986 68
0.03546099999221042 1024 24
0.03356899999198504 1971 47
0.03479000000515953 994 23
0.03442399998311885 3035 74
0.034851000003982335 980 23
0.03430200001457706 984 23
0.03417900000931695 4003 96
0.03393599999253638 983 23
0.03424099998665042 2003 48
0.03436300001339987 978 23
0.036010999989230186 2042 49
0.03539999999338761 1002 23
0.03430100000696257 2955 72
0.03503400000045076 1986 48
0.03363000001991168 1996 48
0.03509499999927357 5018 124
0.045104999997420236 2041 49
0.046081000007689 960 22
0.04418999998597428 977 22
0.03698800000711344 4997 122
0.036438000010093674 1978 48
0.03619300000718795 2015 48
0.03771999999298714 1012 24
0.036743000004207715 973 23
0.036438000010093674 977 23
0.03558399999747053 1013 24
0.03497300000162795 2003 50
0.034912000002805144 2971 74
0.036072000017156824 4025 101
0.034851000003982335 2977 74
0.035521999991033226 1021 25
0.0350950000283774 2011 50
0.034851000003982335 2953 74
0.034851000003982335 1999 49
0.035521999991033226 994 24
0.034118999989004806 991 24
0.03497300000162795 994 24
0.0347899999760557 3999 97
0.03515600002720021 998 24
0.034912000002805144 2032 50
0.03381299998727627 1936 47
0.03558399999747053 2018 50
0.033263999997871 1975 49
0.03552299999864772 1023 24
0.03381299998727627 989 23
0.03460699997958727 1998 49
0.03656000000773929 7988 198
0.03515599999809638 980 21
0.03436300001339987 1002 23
0.0354010000010021 2028 49
0.03479000000515953 1984 49
0.033690999989630654 964 23
0.034546000009868294 991 24
0.0353389999945648 4017 100
0.03515599999809638 4983 124
0.034485000011045486 996 24
0.03521800000453368 2022 50
0.034545999980764464 986 24
0.0346070000086911 986 24
0.035216999996919185 3994 99
0.034546000009868294 2991 73
0.033752999996067956 2971 74
0.03503400000045076 2989 74
0.036072000017156824 1027 25
0.03436299998429604 987 24
0.0346070000086911 989 24
0.03820800001267344 2038 48
0.033995999983744696 957 23
0.03509499999927357 997 24
0.034912000002805144 996 24
0.0354010000010021 993 24
0.034546000009868294 992 24
0.03576699999393895 2020 49
0.04113800000050105 2957 66
0.04193099998519756 1041 20
0.03887899999972433 2962 68
0.036377000011270866 3011 66
0.03802499998710118 987 22
0.03527799999574199 2988 69
0.03546199999982491 967 22
0.03314200000022538 5040 93
0.03515599999809638 975 21
0.034851000003982335 2019 49
0.03216599998995662 968 21
0.03241000001435168 2964 71
0.03509499999927357 2051 47
0.032043999992311 936 22
0.03387400001520291 1011 24
0.03442399998311885 1030 23
0.03424100001575425 1014 24
0.033324999996693805 968 23
0.03314200000022538 1977 47
0.033690999989630654 1985 49
0.03356900002108887 2013 48
0.03332599997520447 976 23
0.03436299998429604 2020 48
0.03411800001049414 1010 24
0.03411800001049414 3996 97
0.03393499998492189 1981 48
0.0346070000086911 1012 24
0.03442400001222268 1991 47
0.03277600000728853 972 23
0.041686999989906326 1046 21
0.03430100000696257 962 22
0.03308100000140257 1956 46
0.03497300000162795 1040 24
0.03442399998311885 1992 47
0.03393500001402572 1000 23
0.03363099999842234 1000 23
0.03308100000140257 962 22
0.03442399998311885 1003 23
0.033995999983744696 3995 93
0.034119000018108636 997 23
0.03424000000813976 2001 47
0.033813999994890764 999 23
0.03271400000085123 1992 47
0.03301999997347593 1996 47
0.035216999996919185 2035 48
0.0325320000119973 958 22
0.03546099999221042 2010 47
0.03192099998705089 1970 46
0.039855999988503754 9039 220
0.04193200002191588 937 21
0.0346070000086911 3986 95
0.03711000000475906 1035 24
0.034362000005785376 954 22
0.0374149999988731 1047 24
0.034912000002805144 4977 117
0.03564399998867884 1999 48
0.03320299999904819 2968 72
0.03497300000162795 983 23
0.03539999999338761 1024 24
0.03497300000162795 3995 95
0.03271500000846572 10006 242
0.03131100002792664 4963 118
0.03350900000077672 1032 24
0.03082199997152202 956 22
0.03289800000493415 1033 24
0.03283700000611134 2976 71
0.032593000010820106 3009 71
0.032959000003756955 1988 47
0.032103999983519316 995 23
0.032043999992311 1990 47
0.03344699999433942 3033 72
0.031128000002354383 946 22
0.03314200000022538 1032 24
0.03179999999701977 993 23
0.03271499997936189 2990 71
0.03118900000117719 979 22
0.03125 1985 47
0.032104000012623146 994 23
0.030823000008240342 1988 47
0.032226999988779426 993 23
0.03228700000909157 991 23
0.033263999997871 2050 48
0.03253199998289347 1988 47
0.032654000009642914 1996 47
0.03039499997976236 3957 94
0.03118900000117719 1986 47
0.03393599999253638 1039 24
0.030823000008240342 953 22
0.03320299999904819 1030 24
0.031128000002354383 1968 46
0.0311879999935627 991 23
0.03210499999113381 1007 23
0.030701000010594726 2975 71
0.03283699997700751 2031 48
0.031494000024395064 979 22
0.03393599999253638 3010 73
0.034423000004608184 985 23
0.032654000009642914 1035 24
0.03399700002046302 1955 46
0.0319819999858737 991 23
0.03253199998289347 4021 97
0.03241000001435168 1982 47
0.030882999999448657 1970 46
0.034057999990182 1024 24
0.03350800002226606 1967 49
0.03399699999135919 2064 48
0.03887899999972433 945 21
0.04119899999932386 1017 23
0.03875700000207871 964 19
0.041320999996969476 983 20
0.042052999982843176 2005 44
0.043212999997194856 2010 39
0.03918500000145286 2998 71
0.039000999997369945 1978 40
0.033813999994890764 1016 17
0.03247100001317449 1006 13
0.035339999973075464 5960 129
0.035217000026023015 997 23
0.03430199998547323 977 22
0.033813999994890764 2987 70
0.034912000002805144 1010 22
0.03472900000633672 995 24
0.03387399998609908 4986 122
0.03631600001244806 2031 49
0.032593000010820106 1944 47
0.03466799997841008 998 24
0.03918500000145286 2047 47
0.03338599999551661 931 22
0.03424099998665042 2034 42
0.03503400000045076 983 24
0.03552299999864772 1027 25
0.03503400000045076 1009 24
0.040527000004658476 952 18
0.03619399998569861 1013 23
0.034912000002805144 1967 47
0.0346070000086911 2008 46
0.03619399998569861 1990 48
0.035216999996919185 2012 48
0.034546000009868294 983 23
0.03539999999338761 3002 73
0.03247100001317449 967 22
0.032959000003756955 2005 47
0.034484999981941655 4016 98
0.03271500000846572 969 23
0.03234899998642504 1974 48
0.03192100001615472 2005 47
0.03442399998311885 1024 24
0.033814000023994595 1010 24
0.03381299998727627 1968 47
0.03417900000931695 1984 48
0.033752999996067956 1007 23
0.03387399998609908 1011 24
0.03308100000140257 968 23
0.03430100000696257 2034 47
0.03234800000791438 1931 47
0.03527900000335649 1068 25
0.04681400000117719 1998 46
0.03765899999416433 993 23
0.034912000002805144 954 22
0.034546000009868294 1990 47
0.03613199997926131 994 23
0.036377000011270866 2035 48
0.035644999996293336 994 23
0.03686500000185333 2981 72
0.032043999992311 974 23
0.033996000012848526 1007 24
0.032654000009642914 5967 146
0.03161700000055134 2015 48
0.031798999989405274 990 23
0.03387400001520291 1029 24
0.03131099999882281 1973 47
0.03125 2975 70
0.03131099999882281 3012 72
0.032593000010820106 988 23
0.03314200000022538 1027 24
0.03094500000588596 2969 70
0.031067000003531575 2973 71
0.034361999976681545 4035 98
0.03222600001026876 2943 72
0.033813999994890764 2045 49
0.034545999980764464 1991 48
0.03442400001222268 1006 23
0.033020000002579764 2971 72
0.03277600000728853 975 23
0.03393500001402572 1020 24
0.033448000001953915 978 23
0.038696000003255904 1999 43
0.03900200000498444 992 20
0.038696000003255904 1031 19
0.043639999988954514 1948 39
0.041016000002855435 2054 45
0.0346070000086911 3011 54
0.03344699999433942 1912 40
0.03314200000022538 2999 72
0.0366210000065621 3020 71
0.03393600002164021 4017 96
0.03161599999293685 949 22
0.03240900000673719 994 23
0.032653999980539083 1015 22
0.03283699997700751 2007 47
0.031922000023769215 995 23
0.03301999997347593 1000 23
0.030334000010043383 954 22
0.03369199999724515 1034 24
0.031494000024395064 1945 46
0.03314200000022538 1033 24
0.031128000002354383 1983 47
0.03320299999904819 1033 24
0.032288000016706064 1977 47
0.031737999990582466 1967 45
0.03479000000515953 1986 47
0.03350799999316223 1030 24
0.03161700000055134 996 23
0.031556000001728535 3999 95
0.0319819999858737 999 23
0.03283699997700751 2976 72
0.03289800000493415 978 23
0.033263999997871 1995 48
0.03356899999198504 1016 24
0.03283700000611134 978 23
0.03283700000611134 2000 48
0.03460699997958727 1049 23
0.031494000024395064 5917 143
0.03277600000728853 2017 47
0.03118900000117719 988 23
0.032104000012623146 2012 48
0.03204300001380034 3997 96
0.03308100000140257 1006 22
0.031006000004708767 954 22
0.031798999989405274 3015 72
0.03125 994 23
0.031922000023769215 994 23
0.0319819999858737 993 23
0.031006000004708767 1977 47
0.03356999999959953 1033 24
0.03198299999348819 1986 47
0.03314200000022538 3975 95
0.033263999997871 1031 24
0.031860999995842576 4971 120
0.031006000004708767 2020 47
0.034422999975504354 2007 46
0.031861000024946406 952 22
0.0360709999804385 1040 24
0.03479000000515953 1990 47
0.03424100001575425 1995 46
0.03466800000751391 3973 95
0.03314200000022538 1984 47
0.03503499997896142 1035 24
0.032593000010820106 3954 94
0.03283699997700751 2024 48
0.03247100001317449 1979 47
0.03088399997795932 1966 46
0.03308100000140257 1044 24
0.032227000017883256 987 23
0.032592999981716275 5972 144
0.030762000009417534 1985 47
0.03314200000022538 1035 24
0.03131099999882281 989 23
0.03289800000493415 2993 71
0.03240999998524785 987 23
0.03338599999551661 992 23
0.04595900001004338 1984 46
0.036071999988052994 5013 120
0.036377000011270866 978 23
0.03631599998334423 2997 72
0.03668200000538491 979 23
0.034851000003982335 4025 98
0.034851000003982335 1011 24
0.032835999998496845 4958 118
0.033752999996067956 989 23
0.03460699997958727 990 23
0.03466800000751391 1029 24
0.03375199998845346 2969 71
0.035216999996919185 1029 24
0.034057999990182 10001 242
0.03241000001435168 962 22
0.03356899999198504 1005 24
0.034057999990182 2012 48
0.033996000012848526 1009 24
0.033690999989630654 2963 72
0.033020000002579764 965 23
0.033386000024620444 1008 24
0.03460699997958727 1045 24
0.032654000009642914 1966 47
0.033752999996067956 1008 24
0.034057000011671335 6995 169
0.03240999998524785 964 23
0.03442400001222268 1030 24
0.03393599999253638 3002 74
0.034484999981941655 6000 147
0.032959000003756955 2992 71
0.0325320000119973 964 23
0.032104000012623146 2008 49
0.03283700000611134 2012 48
0.03234899998642504 967 23
0.0338130000163801 1005 24
0.03393599999253638 999 23
0.032470000005559996 966 23
0.033629999990807846 2023 49
0.03472900000633672 1993 48
0.03381299998727627 1001 24
0.03430199998547323 1997 47
0.03314199997112155 2002 49
0.032288000016706064 964 23
0.03356899999198504 1008 23
0.033752999996067956 3019 74
0.033324999996693805 1960 47
0.03497300000162795 3032 74
0.032654000009642914 1939 46
0.03460699997958727 5026 124
0.035521999991033226 1994 49
0.033996000012848526 2983 74
0.03442399998311885 991 24
0.03515599999809638 4021 99
0.03466800000751391 982 24
0.03430199998547323 2029 48
0.031799000018509105 931 22
0.03375199998845346 5021 120
0.033387000003131106 971 23
0.033020000002579764 2015 48
0.03210500002023764 1974 48
0.033629999990807846 2030 47
0.032227000017883256 966 23
0.03356899999198504 1004 23
0.034057999990182 1007 23
0.03466800000751391 1985 49
0.0346070000086911 984 24
0.03161599999293685 1991 47
0.03436299998429604 1011 23
0.033324999996693805 3014 73
0.03192099998705089 964 23
0.03369199999724515 1005 24
0.03503400000045076 4019 96
0.03241000001435168 963 22
0.03381299998727627 1003 24
0.03430200001457706 1003 24
0.04010000001289882 4028 95
0.03399700002046302 2990 72
0.03417900000931695 1975 47
0.03424099998665042 1010 23
0.0325320000119973 944 22
0.034485000011045486 1029 24
0.032653999980539083 1977 47
0.034545999980764464 2010 48
0.0347899999760557 3010 72
0.03356899999198504 4008 95
0.034057999990182 995 23
0.03265300000202842 952 22
0.034118999989004806 2024 48
0.0338130000163801 993 23
0.034118999989004806 1006 23
0.03344699999433942 993 23
0.03411800001049414 5005 121
0.03424000000813976 2004 49
0.03442400001222268 2959 71
0.033690999989630654 1003 24
0.03393600002164021 1000 23
0.033324999996693805 1003 24
0.0325320000119973 2961 71
0.03240900000673719 1973 47
0.03308100000140257 2049 50
0.03350800002226606 1000 24
0.03387400001520291 1951 48
0.03893999999854714 2026 46
0.040161000011721626 1986 45
0.04199299999163486 1981 34
0.04083199999877252 996 22
0.03814700001385063 1001 23
0.033448000001953915 4018 74
0.03698699999949895 946 21
0.03509499999927357 1996 47
0.03582699998514727 3042 73
0.03179999999701977 950 22
0.033263999997871 976 23
0.033020000002579764 1006 21
0.034485000011045486 2037 48
0.033387000003131106 3956 94
0.033263999997871 2985 71
0.03393599999253638 1007 24
0.03283700000611134 969 23
0.03424099998665042 1013 23
0.03350800002226606 1007 24
0.0345450000022538 2019 49
0.03466800000751391 3004 72
0.0327759999781847 967 23
0.0346070000086911 3011 72
0.033387000003131106 2009 46
0.03271400000085123 967 23
0.03472900000633672 1009 24
0.032593000010820106 973 23
0.03393500001402572 2988 70
0.038758000009693205 2000 40
0.03442400001222268 2995 71
0.03381299998727627 2036 48
0.03234900001552887 953 22
0.03356900002108887 2985 70
0.033629999990807846 999 24
0.03546199999982491 2005 48
0.034118999989004806 1006 24
0.03320299999904819 1004 24
0.03222600001026876 962 23
0.03344700002344325 4013 98
0.032287999987602234 6980 170
0.034912000002805144 1042 25
0.03314200000022538 999 23
0.032654000009642914 962 23
0.06872600002679974 7578 142
0.0327759999781847 371 8
0.03466800000751391 1048 25
0.03289800000493415 965 23
0.033324999996693805 1012 24
0.034850999974878505 1982 47
0.034850999974878505 2024 48
totals: 70.94603900011862 2073 4132310.0 100000
