131
46
41
35
33
33
33
33
33
32
33
33
35
33
33
33
32
33
33
34
34
33
33
33
33
34
33
33
45
32
33
33
33
32
32
32
32
32
33
34
33
33
32
32
35
75
35
33
113
61
57
69
61
56
34
34
35
33
11616
115
97
80
91
81
92
46
46
46
47
49
47
48
48
48
47
46
46
46
48
47
47
49
48
47
47
48
47
47
48
49
48
48
48
49
48
184
56
48
48
47
49
48
49
47
48
48
48
47
48
47
48
47
47
49
48
47
47
47
47
48
47
75
16304
135
97
105
95
132
96
65
63
62
64
62
62
61
65
63
62
64
62
63
63
79
68
67
70
68
68
68
69
68
68
69
67
68
68
68
67
103
80
79
79
79
98
83
119
80
79
79
79
82
81
81
79
81
79
81
81
79
83
81
80
82
80
80
80
80
81
80
227
92
81
81
80
81
80
79
79
81
79
79
83
80
80
82
80
82
81
81
100
85
81
79
79
79
81
81
79
79
80
82
80
80
79
81
82
79
79
79
80
80
79
80
79
80
79
79
88
80
80
80
82
80
79
80
84
79
83
81
17169
158
127
121
123
166
168
201
169
80
81
80
81
82
83
82
82
81
81
81
81
80
128
83
81
81
81
83
81
80
81
82
81
80
80
237
90
80
84
80
81
83
81
81
83
81
80
81
83
81
79
80
80
83
81
80
80
80
83
81
80
81
83
81
81
83
140
87
65
41
38
39
39
39
41
40
39
40
39
39
39
40
39
74
43
40
39
39
41
39
39
40
39
38
38
39
39
39
40
37
38
40
40
39
40
41
38
39
40
38
38
38
41
38
39
40
38
39
39
40
39
38
38
38
41
38
39
38
40
39
39
43
40
39
45
38
38
38
56
37
38
37
43
38
37
38
38
38
38
38
43
38
38
37
37
38
39
38
43
52
39
38
38
39
38
38
43
38
38
38
38
37
38
38
43
37
38
38
71
41
38
38
44
38
37
38
37
38
38
37
42
38
38
37
38
38
38
38
41
38
37
38
38
38
37
38
43
38
38
37
38
38
39
38
42
38
37
38
37
38
38
38
42
38
38
37
42
38
38
38
42
38
38
38
39
38
38
38
43
38
38
37
38
37
38
39
42
38
38
39
38
39
37
38
43
37
12513
117
77
71
70
71
70
40
38
38
38
38
37
38
39
39
39
52952
120
36
45
48
35
34
35
34
34
34
35
34
40
40
35
34
34
34
35
34
33
33
35
34
34
34
35
34
33
34
35
34
34
33
34
34
34
34
37
35
35
34
53
35
34
33
35
83
36
35
36
35
35
35
36
35
35
36
34
35
35
36
34
35
36
35
34
35
36
34
35
36
34
35
35
36
35
34
36
35
35
35
36
34
34
36
35
34
35
35
35
34
34
36
35
38
37
34
35
1568
79
34
32
32
54
35
34
34
33
32
32
33
32
32
33
33
33
33
33
34
33
33
32
34
34
34
33
82
35
42
33
33
33
33
34
200
35
37
33
32
384
46
142
40
35
40
34
34
35
34
35
34
34
39
34
34
33
34
34
34
34
39
34
35
35
34
34
35
34
39
34
34
34
33
34
35
33
41
33
34
33
34
34
34
33
38
34
37
34
34
37
34
34
39
34
50
35
34
34
34
35
39
34
34
33
34
34
34
34
38
34
34
34
34
34
34
34
38
34
35
35
35
34
34
34
38
33
34
35
34
34
35
34
38
33
34
33
62
37
34
34
39
34
35
34
34
33
34
34
39
34
35
34
34
34
36
34
38
34
34
34
35
66
35
35
39
35
35
34
35
35
35
35
39
82
37
33
34
34
34
34
39
34
34
34
69
37
34
34
38
34
34
34
34
34
34
34
38
34
33
34
78
34
34
34
35
34
34
33
34
34
34
34
34
34
34
34
34
34
33
34
34
34
34
34
34
38
34
34
34
33
34
33
37
38
34
34
33
34
34
33
34
38
34
34
33
33
34
33
34
38
34
34
33
34
34
35
34
38
34
33
34
34
34
33
34
38
34
34
33
34
34
33
34
38
34
33
34
33
33
58
36
38
34
34
34
34
34
34
34
38
34
34
33
34
34
34
33
37
34
34
34
34
35
34
34
38
33
33
33
43
35
34
34
38
34
33
33
33
33
34
34
38
34
33
34
33
34
61
37
38
34
34
34
33
34
34
34
38
34
34
34
34
34
34
34
40
34
34
34
34
34
34
34
38
34
33
34
34
34
33
34
38
34
34
34
34
34
34
34
37
34
34
34
34
34
36
34
38
35
33
34
34
34
34
34
37
33
33
34
34
34
34
34
9523
132
64
56
64
56
65
35
35
34
33
34
34
34
34
33
34
34
34
34
34
35
34
34
34
34
34
34
37
177
58
52
50
50
49
52
51
51
52
50
51
51
53
51
50
53
50
51
51
53
50
51
51
52
49
51
51
50
49
51
52
50
49
49
49
50
67
56
50
50
50
52
52
50
49
51
50
54
50
51
49
49
49
50
49
49
49
50
49
49
49
51
50
50
50
51
50
50
50
50
50
50
49
51
50
50
49
50
50
49
49
50
50
50
50
50
50
50
50
50
50
49
50
52
88
54
49
50
50
49
49
49
49
49
49
50
50
49
49
50
64
51
49
50
50
50
50
50
50
50
50
50
50
49
50
51
51
50
51
51
50
49
50
51
51
50
49
49
51
50
51
49
89
54
52
49
50
50
51
50
50
50
51
49
50
50
51
50
50
50
51
50
50
49
51
49
50
50
51
50
50
50
51
49
50
49
51
50
50
50
51
50
50
50
51
50
69
50
61
34
37
34
35
34
34
34
39
34
34
34
34
34
34
34
38
34
34
34
34
34
34
34
37
34
33
34
34
34
34
34
38
34
34
33
33
33
34
34
38
34
33
34
34
34
34
34
38
61
36
34
34
34
34
33
38
34
35
34
33
34
34
33
38
33
34
34
34
34
34
33
37
33
34
34
33
34
34
33
38
33
34
33
33
34
34
33
38
33
34
34
33
34
34
33
38
58
36
32
73
36
34
34
72
34
34
34
33
34
34
33
35
34
34
34
33
60
34
35
33
34
33
34
33
34
34
34
34
35
34
34
35
34
34
34
34
34
34
34
34
34
34
35
33
36
37
34
33
34
34
34
34
34
36
34
34
34
34
34
34
34
37
34
34
34
34
34
34
34
39
35
33
34
34
34
33
34
36
34
34
34
34
34
34
34
37
35
34
34
34
33
59
35
38
34
34
34
34
33
34
34
37
33
33
34
34
33
34
34
37
34
34
43
33
33
34
33
37
34
34
34
34
34
34
33
37
34
33
34
34
33
34
33
37
34
33
34
33
33
36
35
40
33
34
34
33
34
34
34
37
33
34
33
33
34
35
34
37
33
33
34
33
34
34
34
37
34
33
34
34
34
34
39
37
34
33
33
33
34
33
34
37
33
34
33
34
61
37
34
36
34
34
34
34
34
34
34
36
34
34
34
34
33
34
34
36
34
34
34
33
33
34
34
36
34
34
34
34
34
34
34
37
106
34
34
34
33
34
34
34
34
33
34
34
63
37
33
34
34
34
34
34
33
34
34
33
34
34
34
34
33
34
34
34
33
34
34
34
34
34
34
34
34
34
33
34
34
34
34
34
34
33
37
33
33
34
33
33
33
32
32
32
35
32
32
32
32
33
33
33
33
32
32
32
32
32
38
34
34
34
33
35
34
34
38
33
34
33
34
34
34
34
38
33
34
34
34
34
34
34
38
33
34
34
34
34
34
34
38
63
92
34
34
33
34
34
34
34
34
34
34
33
39
33
34
34
34
34
34
34
34
34
34
34
34
34
34
34
34
34
33
34
34
33
34
34
34
34
34
33
33
33
34
34
34
34
33
62
35
33
34
34
33
33
34
34
34
34
34
34
33
34
34
34
34
34
33
34
34
33
34
34
35
34
34
34
34
33
34
34
34
34
34
34
34
34
34
34
35
34
34
35
34
33
34
38
35
34
34
34
34
34
33
34
34
34
35
33
34
34
45
33
34
38
33
32
33
32
33
33
33
38
33
53
34
34
33
33
34
36
34
34
33
33
33
33
34
37
34
34
33
34
64
36
34
37
34
34
34
34
33
34
34
37
35
34
34
34
34
34
34
37
34
34
34
34
34
34
34
37
34
34
34
34
33
34
34
37
34
34
34
34
39
33
34
37
34
34
34
33
36
33
34
37
34
33
34
34
33
34
34
37
34
33
34
34
34
34
34
37
34
33
34
33
34
34
34
39
35
67
35
34
34
33
34
34
33
34
34
33
34
34
33
34
34
33
34
61
36
33
34
34
33
34
34
34
34
34
34
34
34
33
34
34
33
34
34
33
34
34
34
34
34
34
34
33
34
34
33
33
34
34
34
34
34
34
34
34
34
33
38
34
33
34
34
58
36
33
37
33
34
34
33
33
33
33
37
33
34
34
33
34
34
33
37
33
34
34
33
34
34
33
37
33
34
34
34
34
34
34
37
33
33
34
34
34
34
33
37
44
33
34
34
36
34
33
37
34
33
33
34
34
32
34
37
34
33
33
33
34
33
33
42
34
34
33
33
34
33
34
37
34
34
34
33
34
33
34
37
34
33
33
34
34
34
14832
127
103
85
136
226
123
119
56
54
53
54
55
53
54
54
54
54
53
52
52
53
54
54
54
53
53
54
54
53
53
55
53
54
54
55
54
54
53
53
54
54
55
54
53
53
55
54
54
54
54
54
78
60
54
54
54
53
53
54
54
54
53
53
53
53
52
53
53
53
53
54
54
53
52
54
53
52
52
53
53
53
53
55
54
52
53
53
54
52
53
52
54
53
54
52
54
52
53
52
54
58
54
53
54
52
53
52
55
53
54
54
54
53
52
55
54
53
53
52
54
54
73
54
53
53
54
53
53
53
54
53
53
52
53
53
52
52
53
53
52
53
54
52
53
53
54
63
99
58
55
53
53
63
55
54
53
54
54
53
52
53
53
53
53
146
58
33
32
32
32
33
32
32
32
33
33
33
32
33
32
32
32
33
32
33
32
34
33
32
32
33
32
32
32
33
36
32
32
35
33
34
34
34
40
35
34
34
34
33
34
34
34
34
33
34
34
34
34
34
33
34
34
33
33
33
34
34
34
34
34
34
33
34
33
34
34
33
34
35
34
34
34
66
37
35
34
34
34
34
33
38
34
34
33
33
34
34
34
38
33
34
34
33
34
34
33
38
33
34
34
33
34
34
33
38
33
34
34
34
34
34
32
38
32
34
34
34
34
34
33
76
36
33
34
34
34
33
34
38
34
34
33
33
34
33
34
39
34
34
33
34
34
33
42
40
34
39
34
34
33
33
33
37
34
34
34
33
34
34
33
38
34
34
34
34
34
34
34
41
34
34
33
34
34
34
34
38
34
34
34
34
33
33
34
38
34
34
33
34
34
33
34
41
34
34
33
34
34
33
34
38
34
66
35
34
33
34
34
38
34
34
34
34
33
34
59
40
34
34
34
34
34
34
34
38
34
33
34
34
34
34
34
38
34
33
33
34
33
34
34
38
34
33
34
34
33
33
34
38
34
33
34
65
35
34
34
34
34
34
34
33
34
34
38
34
34
34
34
34
34
34
34
34
34
33
34
34
34
33
34
34
34
38
34
34
34
33
34
33
34
37
33
34
33
34
34
33
33
37
33
34
34
33
34
33
33
37
34
34
34
34
36
33
33
38
33
39
33
34
34
33
34
37
34
34
33
34
33
34
34
38
34
34
34
34
34
34
34
39
34
34
33
34
34
34
34
38
34
34
34
33
34
34
34
37
34
33
33
60
35
32
44
36
36
34
33
33
34
34
32
38
33
34
34
33
33
34
33
37
34
34
34
33
33
33
34
37
34
34
33
34
33
34
34
38
34
33
34
33
33
34
34
37
34
34
33
36
34
33
34
38
33
34
34
33
33
34
34
38
33
34
33
34
34
34
33
37
34
34
42
34
33
34
33
37
34
34
33
33
33
33
34
37
34
33
33
34
34
33
34
37
34
34
58
36
33
33
34
40
34
33
32
34
34
34
34
37
34
34
34
154
38
34
34
34
34
34
34
33
34
34
35
34
33
34
34
40
34
33
34
34
34
34
34
34
34
34
33
34
33
34
66
37
34
34
34
34
34
34
34
34
34
34
33
34
34
34
34
33
34
34
35
34
34
33
34
34
34
34
34
35
34
34
34
33
33
34
33
34
34
34
34
34
33
34
34
33
34
34
37
34
33
34
34
34
34
34
34
34
34
35
34
33
33
34
34
34
34
34
33
34
34
34
34
34
34
34
34
43
35
34
34
34
34
34
34
34
34
33
34
34
33
34
34
34
34
62
37
34
34
34
34
34
33
34
34
34
33
34
34
34
34
34
33
34
34
34
34
34
34
34
33
34
34
33
34
34
34
34
33
34
34
33
34
34
33
34
34
33
34
34
33
34
34
37
33
33
34
34
34
34
33
33
34
34
34
40
33
34
34
33
34
34
33
34
34
34
34
34
34
35
34
34
34
34
34
34
34
34
34
34
34
34
34
34
34
34
34
34
45
34
34
37
34
34
34
34
34
34
34
33
34
34
34
34
34
33
34
34
33
34
34
33
34
37
34
34
33
34
34
33
34
37
34
33
35
34
33
34
34
38
34
34
33
34
34
34
34
38
59
37
34
33
34
34
34
38
34
33
34
33
33
34
33
38
34
34
34
33
33
34
34
39
34
34
34
34
34
33
34
38
34
33
34
34
34
34
34
39
34
34
34
34
34
34
34
39
37
34
34
34
34
33
33
38
34
33
33
65
36
34
33
34
34
34
34
34
34
34
33
34
34
34
34
34
34
34
34
34
34
34
33
33
33
34
34
39
34
33
34
34
34
34
34
60
37
35
34
34
34
34
33
33
34
33
34
34
33
34
34
33
34
34
33
34
34
33
38
33
34
35
34
34
34
34
38
33
34
34
33
34
33
34
38
33
33
34
33
34
34
33
38
63
64
33
34
34
34
34
38
34
34
34
34
33
34
34
38
33
33
34
34
33
33
33
38
34
35
34
34
34
34
34
38
34
34
34
34
34
34
33
38
33
34
34
34
34
33
34
38
37
33
34
33
33
33
34
38
34
33
34
33
34
33
33
37
33
33
34
34
34
34
33
38
34
33
34
33
34
33
34
38
33
34
34
34
34
34
34
38
34
34
33
34
34
33
34
65
36
33
33
34
34
34
34
38
34
34
33
34
33
34
34
39
33
33
39
33
33
34
34
37
33
33
33
33
33
33
33
37
34
33
33
33
33
34
34
78
33
34
34
34
34
34
34
61
37
34
34
34
34
34
34
33
33
34
34
34
35
34
33
34
34
35
34
33
33
34
34
34
34
34
35
34
34
34
35
33
34
34
33
33
33
34
34
34
34
34
34
34
34
34
34
37
36
34
34
34
38
34
34
34
34
34
34
34
36
34
34
34
33
34
34
34
37
34
34
34
34
34
33
34
36
34
34
34
34
34
34
34
37
34
33
34
34
34
33
33
36
34
59
37
34
33
33
34
47
33
33
33
34
33
34
34
37
34
33
34
34
34
33
34
36
34
34
34
33
33
34
34
37
34
34
33
34
34
33
34
36
34
33
34
34
33
33
34
42
35
36
33
33
34
33
34
38
34
33
33
34
34
33
34
37
34
34
33
34
34
33
34
37
34
34
34
33
34
33
33
37
35
34
34
34
34
34
33
38
34
34
33
33
34
34
34
37
58
36
33
34
34
33
34
38
33
34
34
33
34
34
33
37
35
34
34
33
96
37
34
33
34
33
34
34
34
34
33
34
34
33
34
33
33
34
33
33
34
34
34
33
33
33
34
33
60
36
33
34
33
34
34
33
33
34
34
33
34
34
34
33
33
34
34
35
34
34
34
34
33
34
33
34
34
34
32
34
33
33
33
34
33
34
34
34
34
34
34
34
34
34
34
33
36
34
34
34
33
34
33
33
34
34
33
34
34
34
34
34
33
34
33
34
34
34
34
34
33
40
33
34
33
52
33
34
34
34
44
35
34
33
38
34
32
34
33
33
34
34
38
62
36
34
53
35
34
33
41
33
34
34
33
33
33
34
38
33
34
34
33
34
34
33
38
33
34
34
33
33
33
34
38
34
33
34
34
34
34
33
38
34
33
34
33
33
34
33
38
60
36
33
33
34
34
34
38
34
33
34
34
34
34
33
38
34
34
34
34
34
34
33
38
34
33
34
34
34
34
34
37
34
33
34
34
33
34
34
38
34
33
34
33
33
34
34
38
38
34
33
34
34
33
34
34
33
34
33
34
33
33
34
34
34
34
34
34
34
34
33
34
34
34
34
34
34
34
33
34
34
34
34
34
34
34
33
34
33
34
34
34
34
34
33
62
36
33
34
35
39
34
33
34
34
34
34
34
34
34
34
33
34
34
34
33
34
34
34
33
34
33
34
34
33
34
34
33
34
34
34
34
33
34
34
33
34
34
32
34
34
34
34
37
33
34
32
34
34
34
34
34
34
34
34
34
34
43
33
33
34
34
33
34
38
34
33
33
34
33
33
32
37
33
34
34
33
33
34
33
38
34
34
33
34
34
34
33
38
34
60
37
33
33
34
33
37
34
34
34
34
34
34
34
37
34
34
34
34
34
34
34
38
34
34
34
34
33
33
34
38
34
34
34
34
34
34
34
38
34
34
34
34
33
34
34
37
32
65
36
33
33
33
33
37
32
32
32
32
32
32
33
37
33
33
32
32
33
32
36
38
33
34
34
34
33
34
34
37
35
40
33
33
37
35
34
33
34
34
34
34
33
33
34
34
33
38
35
34
35
34
34
33
34
34
33
34
34
34
34
33
34
34
32
34
34
33
34
34
33
34
34
33
33
34
33
34
34
34
34
34
34
34
33
34
34
34
34
33
34
34
33
34
67
36
33
34
34
34
34
34
34
34
34
34
34
33
33
34
34
33
34
34
33
33
34
34
34
33
33
34
34
33
34
33
34
34
33
33
34
34
34
33
33
34
34
33
45
35
34
33
62
87
