8.539999998902204E-4 1448 18
7.929999999305437E-4 1890 26
7.940000000417058E-4 5891 82
6.100000000515138E-4 3832 62
7.940000000417058E-4 862 12
9.14999999849897E-4 891 15
9.769999999207357E-4 3007 44
9.760000000369473E-4 742 9
6.710000000111904E-4 2829 37
7.329999998546555E-4 801 10
7.319999999708671E-4 898 13
5.490000000918371E-4 1884 26
6.100000000515138E-4 2893 44
6.100000000515138E-4 1882 28
7.929999999305437E-4 813 11
7.330000000820291E-4 928 14
6.720000001223525E-4 2897 41
6.710000000111904E-4 2878 47
6.710000000111904E-4 876 16
5.499999999756255E-4 866 14
5.490000000918371E-4 908 16
4.889999997885752E-4 1964 41
7.329999998546555E-4 3000 58
8.54000000117594E-4 834 12
5.490000000918371E-4 1941 27
4.890000000159489E-4 1890 31
4.890000000159489E-4 2880 58
5.490000000918371E-4 3904 81
6.100000000515138E-4 901 18
5.499999999756255E-4 947 19
6.099999998241401E-4 917 16
4.879999999047868E-4 2944 60
6.100000000515138E-4 905 16
4.880000001321605E-4 1955 41
4.880000001321605E-4 2919 61
6.099999998241401E-4 952 18
6.110000001626759E-4 968 19
4.890000000159489E-4 3909 83
6.710000000111904E-4 937 16
5.490000000918371E-4 970 19
5.499999999756255E-4 959 20
5.490000000918371E-4 2911 58
5.490000000918371E-4 942 19
5.499999999756255E-4 942 19
4.880000001321605E-4 1932 39
4.880000001321605E-4 1926 37
5.499999999756255E-4 1921 42
5.490000000918371E-4 2933 61
5.499999999756255E-4 944 19
5.489999998644635E-4 892 17
5.499999999756255E-4 1982 43
8.539999998902204E-4 894 17
5.489999998644635E-4 1903 39
6.100000000515138E-4 982 18
4.879999999047868E-4 2939 63
6.720000001223525E-4 964 13
5.489999998644635E-4 878 16
7.330000000820291E-4 1909 41
7.319999999708671E-4 964 18
9.14999999849897E-4 2905 54
9.159999999610591E-4 917 14
9.150000000772707E-4 890 13
0.001038000000107786 914 14
7.329999998546555E-4 899 12
7.319999999708671E-4 1850 37
8.54000000117594E-4 3959 83
8.54000000117594E-4 1905 38
7.939999998143321E-4 912 14
8.54000000117594E-4 957 19
7.940000000417058E-4 940 20
7.319999999708671E-4 2920 57
8.550000000013824E-4 901 18
6.710000000111904E-4 1953 39
5.490000000918371E-4 1941 39
6.100000000515138E-4 903 17
6.100000000515138E-4 1926 37
6.109999999353022E-4 948 19
9.760000000369473E-4 939 12
5.490000000918371E-4 2892 59
6.719999998949788E-4 880 17
5.490000000918371E-4 1910 36
6.109999999353022E-4 951 19
5.490000000918371E-4 965 17
0.001098999999840089 922 17
7.319999999708671E-4 6938 123
0.001098999999840089 732 8
7.940000000417058E-4 906 12
7.930000001579174E-4 910 14
6.720000001223525E-4 1900 28
5.489999998644635E-4 3882 62
6.100000000515138E-4 2877 46
7.319999999708671E-4 1851 27
7.940000000417058E-4 1904 27
0.0010979999999563006 924 14
9.159999999610591E-4 902 12
7.319999999708671E-4 865 11
6.710000000111904E-4 1886 31
6.719999998949788E-4 902 12
7.329999998546555E-4 2906 47
7.319999999708671E-4 893 14
6.100000000515138E-4 2875 48
8.550000000013824E-4 964 14
6.710000000111904E-4 3929 63
7.940000000417058E-4 837 12
6.710000000111904E-4 933 14
8.539999998902204E-4 923 14
6.720000001223525E-4 900 13
7.329999998546555E-4 3921 61
7.320000001982407E-4 888 14
7.320000001982407E-4 5875 91
6.719999998949788E-4 842 11
7.940000000417058E-4 1908 31
6.720000001223525E-4 2893 45
7.329999998546555E-4 1884 27
7.320000001982407E-4 880 14
6.709999997838167E-4 919 12
9.160000001884328E-4 927 15
7.929999999305437E-4 934 13
7.929999999305437E-4 4923 79
7.320000001982407E-4 3818 62
0.0013429999999061693 851 12
8.54000000117594E-4 865 12
9.159999999610591E-4 947 13
8.539999998902204E-4 875 13
9.159999999610591E-4 5924 84
0.001036999999996624 823 11
9.159999999610591E-4 843 9
0.001036999999996624 2889 38
9.769999999207357E-4 804 6
0.001036999999996624 799 10
9.159999999610591E-4 935 14
6.719999998949788E-4 3882 52
6.100000000515138E-4 3828 80
7.939999998143321E-4 920 20
6.100000000515138E-4 953 14
6.720000001223525E-4 1924 43
6.099999998241401E-4 950 13
7.940000000417058E-4 2873 56
8.539999998902204E-4 910 18
6.109999999353022E-4 1906 40
7.319999999708671E-4 2880 58
6.100000000515138E-4 4964 101
7.330000000820291E-4 862 19
7.929999999305437E-4 963 21
8.550000000013824E-4 3949 77
6.710000000111904E-4 1856 42
7.939999998143321E-4 928 14
6.710000000111904E-4 954 20
8.54000000117594E-4 3961 82
7.319999999708671E-4 915 15
6.720000001223525E-4 5912 124
8.539999998902204E-4 920 20
6.100000000515138E-4 1917 25
8.539999998902204E-4 855 17
7.939999998143321E-4 2921 60
7.319999999708671E-4 904 20
4.880000001321605E-4 3956 79
7.940000000417058E-4 891 19
6.100000000515138E-4 2901 60
0.0010379999998804124 942 18
7.319999999708671E-4 942 16
5.490000000918371E-4 2928 61
5.490000000918371E-4 1956 39
6.710000000111904E-4 3878 81
6.720000001223525E-4 971 19
5.499999999756255E-4 1926 38
5.489999998644635E-4 1942 40
5.499999999756255E-4 3954 86
5.499999999756255E-4 2885 60
5.490000000918371E-4 929 19
6.100000000515138E-4 986 21
4.890000000159489E-4 943 21
6.109999999353022E-4 5977 134
6.710000000111904E-4 890 19
0.001038000000107786 1908 37
9.759999998095736E-4 871 16
5.499999999756255E-4 5917 130
7.930000001579174E-4 888 20
5.490000000918371E-4 3911 88
6.100000000515138E-4 1946 41
6.109999999353022E-4 1922 42
6.710000000111904E-4 946 21
6.109999999353022E-4 3972 89
6.710000000111904E-4 943 21
6.100000000515138E-4 2890 64
6.710000000111904E-4 929 16
6.110000001626759E-4 3983 90
6.099999998241401E-4 915 21
6.100000000515138E-4 6969 152
6.719999998949788E-4 888 20
0.0010979999999563006 946 15
7.319999999708671E-4 1952 25
5.489999998644635E-4 2755 51
9.159999999610591E-4 942 15
5.490000000918371E-4 922 15
6.109999999353022E-4 940 21
6.100000000515138E-4 962 22
5.490000000918371E-4 2945 65
6.110000001626759E-4 1917 40
6.099999998241401E-4 959 22
6.100000000515138E-4 970 20
6.110000001626759E-4 980 22
7.319999999708671E-4 934 18
6.109999999353022E-4 954 21
5.490000000918371E-4 971 21
6.109999999353022E-4 1937 41
6.100000000515138E-4 1975 46
6.719999998949788E-4 944 18
7.929999999305437E-4 6929 153
9.159999999610591E-4 899 20
7.319999999708671E-4 2966 65
7.940000000417058E-4 918 17
0.001038000000107786 1979 42
9.159999999610591E-4 1907 40
7.940000000417058E-4 1957 41
7.929999999305437E-4 940 21
8.550000000013824E-4 966 22
7.939999998143321E-4 1961 39
9.150000000772707E-4 969 22
7.940000000417058E-4 925 16
9.150000000772707E-4 969 21
7.939999998143321E-4 964 22
7.320000001982407E-4 944 17
7.939999998143321E-4 946 21
6.100000000515138E-4 1998 39
6.709999997838167E-4 1926 44
5.490000000918371E-4 2829 56
6.719999998949788E-4 928 16
7.319999999708671E-4 920 20
6.710000000111904E-4 972 22
0.0010980000001836743 1950 38
7.319999999708671E-4 4921 98
6.710000000111904E-4 1919 45
6.719999998949788E-4 936 18
6.100000000515138E-4 955 21
6.710000000111904E-4 921 21
9.159999999610591E-4 993 18
6.100000000515138E-4 2958 65
6.100000000515138E-4 937 21
0.0010990000000674627 883 16
9.159999999610591E-4 3956 86
7.939999998143321E-4 1919 38
6.710000000111904E-4 942 21
6.720000001223525E-4 969 22
6.100000000515138E-4 935 17
6.709999997838167E-4 985 22
7.940000000417058E-4 911 20
6.100000000515138E-4 956 19
6.099999998241401E-4 2013 43
6.710000000111904E-4 951 20
6.100000000515138E-4 2947 63
9.159999999610591E-4 903 20
6.100000000515138E-4 3971 83
9.770000001481094E-4 877 19
6.100000000515138E-4 2908 61
9.159999999610591E-4 882 17
7.319999999708671E-4 1903 38
5.490000000918371E-4 1920 42
6.710000000111904E-4 2936 62
6.719999998949788E-4 929 20
6.100000000515138E-4 3936 84
6.720000001223525E-4 901 20
6.709999997838167E-4 964 18
6.110000001626759E-4 3994 88
7.319999999708671E-4 932 21
6.710000000111904E-4 1936 39
6.710000000111904E-4 962 22
6.720000001223525E-4 969 18
6.099999998241401E-4 952 21
6.710000000111904E-4 944 21
6.710000000111904E-4 2987 65
6.710000000111904E-4 4968 107
6.100000000515138E-4 2877 64
7.329999998546555E-4 975 21
6.100000000515138E-4 3967 87
7.330000000820291E-4 3967 87
6.110000001626759E-4 2904 63
6.110000001626759E-4 1991 41
6.710000000111904E-4 939 21
5.500000002029992E-4 4969 108
6.110000001626759E-4 2927 64
6.710000000111904E-4 6961 152
7.329999998546555E-4 882 20
6.100000000515138E-4 963 20
6.100000000515138E-4 1998 43
5.490000000918371E-4 3943 86
6.100000000515138E-4 3920 85
6.109999999353022E-4 1944 40
6.710000000111904E-4 1005 22
6.710000000111904E-4 915 21
5.499999999756255E-4 970 17
6.710000000111904E-4 988 22
6.710000000111904E-4 979 22
6.720000001223525E-4 2962 64
6.099999998241401E-4 960 17
6.710000000111904E-4 983 22
6.110000001626759E-4 965 22
6.110000001626759E-4 2948 62
6.109999999353022E-4 2978 65
6.100000000515138E-4 930 19
6.109999999353022E-4 929 21
6.100000000515138E-4 4997 110
6.100000000515138E-4 1873 39
7.330000000820291E-4 2977 65
6.710000000111904E-4 902 19
6.099999998241401E-4 971 22
6.110000001626759E-4 942 17
6.710000000111904E-4 1981 46
6.710000000111904E-4 1976 42
6.720000001223525E-4 3961 77
6.710000000111904E-4 864 14
6.719999998949788E-4 991 22
6.100000000515138E-4 4988 107
6.710000000111904E-4 1900 42
6.100000000515138E-4 2939 65
6.719999998949788E-4 968 19
6.100000000515138E-4 1987 45
5.499999999756255E-4 909 18
6.100000000515138E-4 1997 45
0.001038000000107786 899 17
6.109999999353022E-4 3948 85
5.490000000918371E-4 3914 81
7.939999998143321E-4 1921 44
6.720000001223525E-4 1967 40
5.490000000918371E-4 4921 106
6.099999998241401E-4 1984 46
6.710000000111904E-4 2957 65
6.109999999353022E-4 1945 42
6.109999999353022E-4 1969 42
6.710000000111904E-4 3993 88
6.100000000515138E-4 952 19
6.109999999353022E-4 923 21
6.100000000515138E-4 991 22
5.490000000918371E-4 6943 153
6.109999999353022E-4 2929 63
6.100000000515138E-4 937 21
6.100000000515138E-4 2924 62
4.889999997885752E-4 3976 86
6.100000000515138E-4 971 22
5.490000000918371E-4 942 21
6.719999998949788E-4 998 18
6.710000000111904E-4 983 22
6.100000000515138E-4 920 21
6.710000000111904E-4 1997 40
8.550000000013824E-4 928 21
6.710000000111904E-4 3948 82
6.100000000515138E-4 934 21
6.109999999353022E-4 959 22
6.100000000515138E-4 979 19
5.500000002029992E-4 2006 46
5.489999998644635E-4 932 19
5.499999999756255E-4 1983 44
5.490000000918371E-4 1998 44
8.550000000013824E-4 991 20
5.499999999756255E-4 1924 43
6.710000000111904E-4 1985 42
6.710000000111904E-4 2953 65
7.329999998546555E-4 982 22
7.319999999708671E-4 2935 63
0.0010379999998804124 955 18
7.319999999708671E-4 931 21
7.319999999708671E-4 964 21
7.940000000417058E-4 2974 61
8.539999998902204E-4 4944 110
6.710000000111904E-4 5936 129
0.0010990000000674627 1924 42
0.0011589999999159772 921 21
0.0010990000000674627 959 17
0.001036999999996624 4993 107
0.001220999999986816 866 18
0.0011599999997997656 3986 89
0.001159000000143351 907 19
0.0012819999999464926 988 22
0.0011600000000271393 973 18
0.0012199999998756539 976 22
0.0011600000000271393 967 22
0.0012819999999464926 4965 104
0.0013420000000223808 968 22
0.0012820000001738663 1947 41
0.0011599999997997656 2946 63
0.0011600000000271393 968 21
0.0012200000001030276 988 21
0.0010379999998804124 958 20
0.0015260000000125729 958 20
0.001159000000143351 889 14
0.0013429999999061693 947 18
0.0010979999999563006 2965 61
0.0011600000000271393 907 18
9.760000000369473E-4 2011 41
0.0010379999998804124 2945 61
0.0011600000000271393 3958 87
0.001159000000143351 966 22
0.001220999999986816 1958 41
0.0011589999999159772 921 21
0.0010990000000674627 1009 18
0.001038000000107786 5940 128
0.0013420000000223808 1966 41
0.001038000000107786 6945 145
0.0011589999999159772 1899 43
0.001098999999840089 2970 65
0.0010990000000674627 955 19
0.0010979999999563006 3951 84
0.001220999999986816 975 22
0.0010990000000674627 4936 105
0.001036999999996624 2013 42
0.0012210000002141896 1960 44
0.0011600000000271393 1913 40
0.001220999999986816 977 22
0.0011600000000271393 4990 110
0.0011600000000271393 962 22
0.0010979999999563006 1002 20
0.0010979999999563006 2971 65
0.0011600000000271393 935 21
0.0011600000000271393 2986 64
0.001036999999996624 943 21
0.0010990000000674627 994 19
0.0010379999998804124 944 21
0.0011600000000271393 3024 67
0.0010990000000674627 1950 43
0.0011600000000271393 1968 40
0.001098999999840089 3918 87
0.0010990000000674627 2988 65
0.0011589999999159772 948 21
0.001038000000107786 943 17
0.001036999999996624 993 22
0.0011600000000271393 1005 23
0.001098999999840089 967 19
0.0010980000001836743 998 22
0.0010990000000674627 1964 41
0.001038000000107786 2959 63
0.0011589999999159772 976 22
0.001220999999986816 1993 42
0.004210999999941123 5267 60
0.0012200000001030276 5587 121
0.0011600000000271393 1913 40
0.001038000000107786 1931 41
0.0011600000000271393 966 22
0.001220999999986816 2991 63
0.001038000000107786 1962 43
0.0010979999999563006 4004 89
9.770000001481094E-4 1964 41
0.0011599999997997656 4964 112
0.0010990000000674627 4983 108
0.001036999999996624 1919 39
0.001343000000133543 1022 23
0.001159000000143351 1969 43
0.0012200000001030276 1923 41
0.001036999999996624 2968 63
0.001220999999986816 975 22
0.001036999999996624 2007 43
0.0011600000000271393 1961 46
0.001159000000143351 964 16
0.0013429999999061693 957 21
0.0011600000000271393 1013 22
0.0010990000000674627 1965 41
0.0011599999997997656 991 23
9.760000000369473E-4 946 16
0.0011600000000271393 1976 46
0.0010979999999563006 2982 67
0.0011600000000271393 4975 106
0.0010979999999563006 940 22
0.0011600000000271393 2973 65
0.0011589999999159772 1976 40
0.0010990000000674627 1979 43
0.001098999999840089 3992 89
0.0010979999999563006 1976 41
0.001036999999996624 2957 66
0.0011600000000271393 1986 45
9.759999998095736E-4 958 17
0.001343000000133543 939 21
9.760000000369473E-4 1956 41
0.0011600000000271393 1981 46
0.001036999999996624 994 18
0.001220999999986816 943 21
9.769999999207357E-4 1984 41
0.0010979999999563006 1976 46
0.001038000000107786 994 17
0.0010379999998804124 951 21
0.001343000000133543 1991 43
0.001403999999865846 1008 23
0.0014650000000528962 2968 67
0.0013429999999061693 2937 65
0.0014640000001691078 944 20
0.0011600000000271393 977 21
0.0012819999999464926 980 20
0.0011600000000271393 975 22
0.0013429999999061693 1954 40
0.0012819999999464926 1987 43
0.001403999999865846 2005 47
0.0013429999999061693 1967 41
0.0013420000000223808 990 23
0.001220999999986816 956 19
0.001343000000133543 3930 87
0.001403999999865846 997 23
0.0012819999999464926 3979 88
0.001403999999865846 2004 47
0.001343000000133543 2947 66
0.0014029999999820575 2002 44
0.0013429999999061693 2931 65
0.0014040000000932196 975 22
0.0014040000000932196 1984 44
0.0013429999999061693 962 21
0.001343000000133543 998 22
0.0012820000001738663 3972 88
0.0013420000000223808 975 22
0.001220999999986816 1981 43
0.001343000000133543 980 22
0.0012810000000627042 1973 41
0.0013429999999061693 959 22
0.001343000000133543 985 23
0.0012810000000627042 1981 43
0.001403999999865846 989 23
0.0014650000000528962 1801 35
0.0012819999999464926 2932 61
0.0012819999999464926 951 22
0.0014040000000932196 2974 65
0.0014649999998255225 1990 39
0.0014030000002094312 990 23
0.0013429999999061693 1973 44
0.0015259999997851992 1981 41
0.0014650000000528962 979 17
0.0014040000000932196 1965 46
0.0012819999999464926 946 19
0.001403999999865846 1009 23
0.0013420000000223808 996 22
0.001343000000133543 949 17
0.001403999999865846 1008 23
0.0012819999999464926 1967 41
0.0013420000000223808 981 22
0.0013429999999061693 972 22
0.0013429999999061693 1967 43
0.0012810000000627042 944 20
0.001403999999865846 4018 88
0.001343000000133543 2976 67
0.0013429999999061693 950 20
0.0012820000001738663 2968 65
0.001403999999865846 1004 23
0.0012810000000627042 979 19
0.0014040000000932196 3996 88
0.0014640000001691078 2986 64
0.0014649999998255225 992 23
0.0014029999999820575 2952 64
0.0013429999999061693 1973 41
0.001343000000133543 1006 23
0.0014040000000932196 2985 65
0.0011600000000271393 3943 81
0.001343000000133543 974 22
0.0015260000000125729 966 22
0.0010990000000674627 1955 39
0.0012819999999464926 997 23
0.0011600000000271393 1997 39
9.770000001481094E-4 1990 41
0.001403999999865846 959 19
0.0012809999998353305 1993 43
0.001343000000133543 981 22
0.0012820000001738663 1963 42
0.0013419999997950072 1009 23
0.0012819999999464926 1973 41
0.0012810000000627042 2947 66
0.0014650000000528962 2006 46
0.0014040000000932196 966 20
0.0013419999997950072 1994 44
0.0013429999999061693 1964 43
0.0015260000000125729 1019 23
0.0014650000000528962 985 21
0.0013420000000223808 949 19
0.0014040000000932196 3012 68
0.0014040000000932196 965 22
0.001403999999865846 972 21
0.001220999999986816 1978 41
0.001343000000133543 1016 23
0.0013429999999061693 960 22
0.0012819999999464926 2993 64
0.0013429999999061693 1971 42
0.0011600000000271393 4993 109
0.0013429999999061693 975 22
0.0014040000000932196 994 23
0.0011589999999159772 997 18
0.001343000000133543 977 22
0.0013429999999061693 992 23
0.001403999999865846 1993 41
0.0013420000000223808 3962 90
0.0013429999999061693 2968 66
0.0013420000000223808 969 20
0.0014040000000932196 1014 23
0.0013429999999061693 942 20
0.0014040000000932196 3996 89
0.0012819999999464926 977 19
0.0014040000000932196 978 22
0.0012819999999464926 3945 86
0.001220999999986816 975 17
0.0014029999999820575 978 22
0.0014650000000528962 4011 89
0.001159000000143351 937 17
0.0014649999998255225 1982 43
0.0013420000000223808 1911 42
0.0013429999999061693 3991 90
0.0013429999999061693 1980 42
0.0014650000000528962 991 23
0.0013429999999061693 4990 113
0.0014029999999820575 1983 42
0.0013429999999061693 958 22
0.0013429999999061693 2015 44
0.0015869999999722495 935 20
0.0014029999999820575 1006 20
0.0014040000000932196 969 22
0.0013429999999061693 4968 111
0.0014040000000932196 969 21
0.0013429999999061693 5000 112
0.0013420000000223808 1988 43
0.001403999999865846 974 22
0.001220999999986816 950 19
0.0014650000000528962 989 22
0.0012819999999464926 949 20
0.0011600000000271393 2022 40
0.0014040000000932196 1962 46
0.0012199999998756539 965 18
0.0014040000000932196 973 22
0.001403999999865846 998 23
0.0013420000000223808 1968 41
0.0014040000000932196 994 23
0.0012819999999464926 1016 19
0.0014040000000932196 979 22
0.0013429999999061693 2956 65
0.0012819999999464926 2018 43
0.0013420000000223808 954 22
0.001220999999986816 2012 44
0.0012819999999464926 2991 66
0.0014040000000932196 2940 65
0.0014029999999820575 1017 23
0.0012819999999464926 2966 63
0.0013429999999061693 1967 45
0.0012819999999464926 3039 69
0.0013420000000223808 958 21
0.0014040000000932196 1007 22
0.0013429999999061693 3953 90
0.0014040000000932196 5004 109
0.001220999999986816 1929 42
0.001343000000133543 2002 47
0.0012819999999464926 988 18
0.0015869999999722495 945 20
0.0015260000000125729 977 20
0.0013420000000223808 943 17
0.0012819999999464926 2935 64
0.0012820000001738663 2923 67
0.0012199999998756539 2967 64
0.0012819999999464926 3010 69
0.0013420000000223808 999 22
0.001343000000133543 2959 67
0.0012819999999464926 8950 200
0.0012810000000627042 2015 45
0.001403999999865846 1002 23
0.0013429999999061693 1991 44
0.0012810000000627042 988 20
0.0014040000000932196 988 23
0.0013420000000223808 3989 87
0.001403999999865846 980 22
0.0014040000000932196 992 23
0.0013420000000223808 1947 41
0.0012819999999464926 2012 44
0.001343000000133543 974 22
0.0013420000000223808 996 23
0.001220999999986816 1012 19
0.0012200000001030276 6970 156
0.0012819999999464926 1010 20
0.0013429999999061693 971 22
0.0012820000001738663 1018 20
0.0013429999999061693 1982 47
0.0012819999999464926 963 19
0.0013429999999061693 1958 46
0.0012810000000627042 1006 20
0.0012819999999464926 963 22
0.0011589999999159772 1997 42
0.0017089999998916028 3033 54
0.0017089999998916028 1890 29
0.0013429999999061693 3909 79
0.0012820000001738663 977 18
0.001220999999986816 2950 63
0.0014040000000932196 1012 23
0.001403999999865846 2983 66
0.0014040000000932196 4000 88
0.0013429999999061693 1984 41
0.0013420000000223808 985 23
0.0015869999999722495 1979 42
0.001403999999865846 1980 41
0.0013429999999061693 4003 90
0.0013429999999061693 2978 65
0.0014040000000932196 993 23
0.001403999999865846 3016 66
0.0012819999999464926 1929 41
0.0014029999999820575 1024 24
0.001220999999986816 994 18
0.0012819999999464926 928 21
0.0012199999998756539 2010 44
0.0013429999999061693 1993 47
0.0012200000001030276 2011 41
0.0012820000001738663 1986 42
0.0013429999999061693 938 21
0.0012819999999464926 2008 43
0.001403999999865846 1995 47
0.0013429999999061693 2986 66
0.0012820000001738663 1013 19
0.0013419999997950072 971 22
0.0012819999999464926 1988 42
0.0011589999999159772 2992 66
0.001343000000133543 969 22
0.0014040000000932196 3979 90
0.0014040000000932196 994 20
0.001403999999865846 984 22
0.0014030000002094312 2999 67
0.001343000000133543 1958 43
0.0015249999999014108 2980 66
0.0012820000001738663 953 17
0.0012819999999464926 1002 23
0.0013420000000223808 1976 42
0.001343000000133543 3006 66
0.0013429999999061693 1976 44
0.0012200000001030276 6994 154
0.0012820000001738663 2976 66
0.0014029999999820575 991 23
0.0013429999999061693 2984 64
0.0013429999999061693 2991 68
0.001343000000133543 1947 42
0.0014029999999820575 1020 22
0.0012819999999464926 1945 40
0.0015260000000125729 998 23
0.0013429999999061693 3000 67
0.0013429999999061693 3950 84
0.0013429999999061693 2008 46
0.001343000000133543 2962 65
0.0013429999999061693 985 20
0.001343000000133543 994 21
0.0013420000000223808 964 22
0.001220999999986816 996 18
0.0014650000000528962 2014 47
0.001343000000133543 3991 87
0.0013429999999061693 2969 68
0.0012819999999464926 1019 19
0.0012819999999464926 2960 64
0.001343000000133543 965 22
0.0012200000001030276 1986 42
0.001343000000133543 2018 47
0.0013429999999061693 2945 63
0.0013420000000223808 3997 85
0.0012819999999464926 2971 64
0.0014040000000932196 992 22
0.001403999999865846 4000 91
0.0012200000001030276 979 18
0.0014040000000932196 976 22
0.0011600000000271393 2008 43
0.0014029999999820575 982 22
0.001343000000133543 954 22
0.0012809999998353305 4037 85
0.001220999999986816 2968 65
0.0014029999999820575 967 22
0.0014040000000932196 994 23
0.0013429999999061693 2992 67
0.0013420000000223808 989 22
0.001403999999865846 3013 66
0.001343000000133543 3993 91
0.0014040000000932196 1941 43
0.001403999999865846 1033 23
0.0012810000000627042 2943 66
0.0012819999999464926 2976 66
0.0014639999999417341 1001 23
0.0013429999999061693 2985 66
0.0014040000000932196 2979 65
0.0013429999999061693 1977 42
0.0014029999999820575 988 23
0.0012210000002141896 1015 19
0.0014040000000932196 3940 89
0.0013420000000223808 3010 66
0.001343000000133543 993 23
0.0013420000000223808 2990 65
0.001343000000133543 990 20
0.0013429999999061693 966 22
0.0014040000000932196 1992 45
0.0012810000000627042 976 20
0.0013429999999061693 1959 44
0.0014650000000528962 1051 24
0.001403999999865846 1961 44
0.0012820000001738663 979 20
0.001343000000133543 3005 68
0.0014650000000528962 976 19
0.0013429999999061693 958 22
0.001343000000133543 4004 90
0.001220999999986816 962 20
0.0014639999999417341 1005 23
0.001343000000133543 932 21
0.0016479999999319261 3998 83
0.0016480000001592998 1003 20
0.0014650000000528962 1937 38
0.0014650000000528962 1006 23
0.0013420000000223808 1974 42
0.0014650000000528962 998 23
0.0014029999999820575 2984 66
0.0014040000000932196 976 19
0.0013429999999061693 987 22
0.0011600000000271393 981 20
0.001343000000133543 981 22
0.0011589999999159772 985 17
0.0014650000000528962 2031 43
0.001343000000133543 990 19
0.001343000000133543 1956 46
0.0014040000000932196 1992 43
0.0012819999999464926 1990 42
0.0013429999999061693 977 22
0.0014650000000528962 3005 65
0.0012819999999464926 1983 40
0.001343000000133543 1954 40
0.0011600000000271393 1015 16
0.001343000000133543 1974 46
0.0012809999998353305 963 18
0.0013429999999061693 2002 47
0.0012819999999464926 955 20
0.0014030000002094312 1019 23
0.0013429999999061693 966 22
0.0012819999999464926 993 21
0.001343000000133543 2979 69
0.0013429999999061693 983 21
0.001343000000133543 966 22
0.001403999999865846 2030 43
0.0013420000000223808 3975 89
0.0012810000000627042 4000 88
0.0013429999999061693 974 22
0.001343000000133543 950 22
0.0015869999999722495 1997 41
0.0012810000000627042 2008 38
0.0014040000000932196 946 20
0.001403999999865846 988 23
0.001220999999986816 995 19
0.0013429999999061693 5968 132
0.0013429999999061693 966 22
0.001343000000133543 5012 112
0.0013420000000223808 1973 42
0.001403999999865846 990 23
0.001343000000133543 2029 43
0.0015260000000125729 1943 41
0.0012819999999464926 3003 63
0.0013420000000223808 1998 46
0.0013429999999061693 1966 43
0.001343000000133543 3977 91
0.0013420000000223808 2001 45
0.0014650000000528962 960 21
0.001220999999986816 1921 40
0.0010990000000674627 1999 43
0.0013429999999061693 972 21
0.0013420000000223808 952 21
0.0013429999999061693 999 22
0.001343000000133543 990 21
0.0013429999999061693 970 22
0.0012819999999464926 974 20
0.0014649999998255225 3019 69
0.0013419999997950072 2976 66
0.0014650000000528962 978 22
0.0014040000000932196 986 23
0.0013429999999061693 988 20
0.0014650000000528962 967 22
0.0013429999999061693 2036 42
0.0014040000000932196 965 22
0.0014029999999820575 2975 67
0.0014040000000932196 995 23
0.0014029999999820575 2976 65
0.0012820000001738663 993 18
0.0014040000000932196 1988 44
0.0011589999999159772 929 17
0.0013429999999061693 4994 113
0.0012809999998353305 2958 65
0.001220999999986816 991 19
0.0014040000000932196 2031 46
0.0013420000000223808 1963 44
0.001220999999986816 983 18
0.0015260000000125729 957 19
0.0012809999998353305 2003 43
0.0013429999999061693 1974 46
0.001343000000133543 1966 41
0.0014029999999820575 999 23
0.001220999999986816 989 17
0.0014649999998255225 1979 46
0.0012810000000627042 1004 17
0.0013429999999061693 947 21
0.0014650000000528962 1001 23
0.001220999999986816 997 17
0.001343000000133543 980 22
0.0011589999999159772 4994 102
0.0014040000000932196 975 22
0.0013420000000223808 2945 65
0.0014650000000528962 1034 24
0.0012819999999464926 995 18
0.001403999999865846 1968 46
0.0012810000000627042 1000 19
0.0013429999999061693 2963 67
0.0013420000000223808 964 22
0.0012819999999464926 3019 63
0.0012820000001738663 3977 90
0.001403999999865846 966 21
0.0013429999999061693 4004 87
0.0013420000000223808 982 20
0.0014040000000932196 979 22
0.0014649999998255225 2996 65
0.0014649999998255225 2994 64
0.0012820000001738663 994 19
0.0013429999999061693 948 21
0.0013420000000223808 1001 21
0.001770000000078653 1970 32
0.0012819999999464926 3984 69
0.0014040000000932196 3970 88
0.0013429999999061693 912 20
0.001343000000133543 1012 17
0.0013429999999061693 2970 67
0.0015260000000125729 3006 65
0.0012819999999464926 4985 104
0.0010990000000674627 1966 38
0.0010990000000674627 2981 63
0.0013429999999061693 943 20
0.0014040000000932196 1002 23
0.0012819999999464926 7000 150
0.0014040000000932196 992 22
0.0013419999997950072 967 22
0.001220999999986816 3962 84
0.0014649999998255225 1999 46
0.0013429999999061693 1984 41
0.0014040000000932196 6990 154
0.0012819999999464926 955 19
0.0013429999999061693 992 22
0.0014029999999820575 1005 23
0.0012820000001738663 968 19
0.0013429999999061693 985 22
0.0012809999998353305 1973 43
0.0013419999997950072 4009 89
0.0012820000001738663 959 22
0.0014040000000932196 2008 44
0.0012819999999464926 957 21
0.0013420000000223808 1023 21
0.0013429999999061693 975 22
0.0012819999999464926 996 20
0.0012819999999464926 4966 113
0.0012810000000627042 988 20
0.0012819999999464926 2030 43
0.0012819999999464926 932 21
0.001343000000133543 1987 43
0.0013429999999061693 1014 21
0.0012810000000627042 1989 43
0.0012810000000627042 3963 89
0.0013429999999061693 3021 66
0.0012820000001738663 986 20
0.0013419999997950072 977 22
0.001403999999865846 1977 44
0.001220999999986816 952 19
0.0012810000000627042 976 22
0.0014650000000528962 1049 24
0.0013429999999061693 1925 42
0.0012819999999464926 2036 45
0.0012820000001738663 1958 44
0.001403999999865846 1014 22
0.0013420000000223808 972 19
0.0012820000001738663 2990 64
0.0013419999997950072 982 22
0.0012819999999464926 1994 43
0.0013429999999061693 984 22
0.0013429999999061693 1963 39
0.001220999999986816 2006 41
0.0012810000000627042 935 20
0.0014040000000932196 1007 23
0.0012819999999464926 995 19
0.0014029999999820575 1983 44
0.001343000000133543 993 19
0.0014040000000932196 1978 46
0.0012819999999464926 1009 19
0.0013420000000223808 974 22
0.0014650000000528962 2985 65
0.0014029999999820575 992 22
0.0014650000000528962 2975 66
0.0011589999999159772 919 16
0.0013429999999061693 2026 46
0.0012820000001738663 1965 43
0.0014029999999820575 1014 22
0.0012819999999464926 959 20
0.001403999999865846 985 22
0.0012210000002141896 993 18
0.0013419999997950072 981 22
0.001343000000133543 963 22
0.0012819999999464926 1012 16
0.0012819999999464926 981 22
0.001343000000133543 1987 42
0.0014650000000528962 2988 67
0.0012810000000627042 989 20
0.0012819999999464926 956 21
0.001343000000133543 1030 20
0.0012819999999464926 938 21
0.0014029999999820575 1002 23
0.001220999999986816 966 19
0.0012200000001030276 3019 67
0.0013429999999061693 1946 44
0.0013420000000223808 1994 43
0.001343000000133543 6003 131
0.0014040000000932196 3996 89
0.0013419999997950072 1934 40
0.0013420000000223808 4021 90
0.001220999999986816 958 16
0.0012200000001030276 2990 67
0.0013429999999061693 1976 46
0.0014040000000932196 3000 65
0.0013420000000223808 2943 65
0.0012820000001738663 1996 43
0.001403999999865846 999 22
0.0012810000000627042 1000 20
0.0014649999998255225 1986 44
0.0015260000000125729 3952 89
0.001343000000133543 984 20
0.001403999999865846 978 22
0.0014040000000932196 975 21
0.0015260000000125729 1013 23
0.0012810000000627042 983 19
0.0014649999998255225 986 22
0.001220999999986816 1999 43
0.001343000000133543 986 22
0.001343000000133543 2989 64
0.001220999999986816 1968 41
0.0014040000000932196 1992 46
0.0011600000000271393 3978 83
0.0013420000000223808 979 22
0.0011600000000271393 1993 42
0.0014040000000932196 987 22
0.0013420000000223808 997 23
0.001403999999865846 942 16
0.0013420000000223808 3939 87
0.0013429999999061693 2975 67
0.0014029999999820575 1012 22
0.0014040000000932196 963 19
0.0012820000001738663 2012 44
0.001403999999865846 972 22
0.0014029999999820575 1016 18
0.001403999999865846 1981 46
0.0013420000000223808 2951 64
0.0014040000000932196 1965 40
0.0014650000000528962 3998 90
0.001220999999986816 992 16
0.001403999999865846 3995 89
0.0013429999999061693 2961 65
0.0014650000000528962 1016 21
0.0012819999999464926 978 19
0.0014040000000932196 3981 89
0.0013429999999061693 969 21
0.0013420000000223808 988 19
0.001403999999865846 981 20
0.001403999999865846 1937 43
0.0014040000000932196 1020 22
0.0013420000000223808 988 20
0.0013429999999061693 981 22
0.001220999999986816 963 18
0.0014650000000528962 1001 22
0.0012819999999464926 1960 42
0.0014040000000932196 996 21
0.0012820000001738663 1940 41
0.001403999999865846 2990 63
0.0015260000000125729 1019 23
0.001403999999865846 2983 65
0.0014040000000932196 1956 42
0.0014029999999820575 1002 23
0.001220999999986816 1016 18
0.0012200000001030276 2936 64
0.001403999999865846 4025 91
0.0014040000000932196 1939 42
0.0012819999999464926 1976 42
0.0011600000000271393 2013 42
0.0014650000000528962 1027 23
0.0014040000000932196 2990 65
0.0013420000000223808 2944 64
0.001220999999986816 1983 42
0.0012809999998353305 2982 63
0.0014650000000528962 1018 23
0.0012819999999464926 958 21
0.0012820000001738663 1001 19
0.0013420000000223808 964 21
0.0016479999999319261 983 22
0.001220999999986816 989 17
0.0012810000000627042 2982 65
0.0012819999999464926 2976 64
0.0012200000001030276 982 22
0.001403999999865846 1001 23
0.0012819999999464926 980 19
0.0014040000000932196 989 22
0.0013429999999061693 984 22
0.0012810000000627042 959 19
0.001343000000133543 948 21
0.001220999999986816 2022 42
0.0014029999999820575 992 22
0.0013429999999061693 6991 154
0.0012200000001030276 942 17
0.0013429999999061693 992 22
0.0012819999999464926 2013 43
0.0014029999999820575 1980 46
0.001220999999986816 986 18
0.0012199999998756539 2979 65
0.0014650000000528962 1002 21
0.0014030000002094312 2992 66
0.0013429999999061693 981 22
0.0012199999998756539 6943 154
0.0014040000000932196 2985 66
0.0013429999999061693 1004 20
0.001343000000133543 1990 46
0.0012819999999464926 954 19
0.0013420000000223808 1985 46
0.0013429999999061693 3033 68
0.0013429999999061693 1953 43
0.0013429999999061693 1009 21
0.0012820000001738663 935 21
0.001403999999865846 1016 20
0.0014029999999820575 981 22
0.001343000000133543 1008 21
0.0013429999999061693 984 22
0.0014040000000932196 981 21
0.0013420000000223808 964 21
0.001403999999865846 1008 22
0.0012819999999464926 1959 43
0.001220999999986816 3017 66
0.001220999999986816 2002 42
0.0013429999999061693 1986 46
0.0014029999999820575 5949 126
0.001343000000133543 1961 39
0.0012200000001030276 2004 43
0.001403999999865846 984 22
0.0012819999999464926 960 22
0.0013419999997950072 1994 42
0.0014040000000932196 997 23
0.001220999999986816 998 19
0.0012810000000627042 2973 67
0.0014029999999820575 3962 88
0.0014040000000932196 1000 23
0.0013429999999061693 2013 40
0.001343000000133543 999 23
0.0013420000000223808 4936 107
0.001403999999865846 1001 20
0.0013420000000223808 2969 67
0.0012200000001030276 3979 84
0.0014040000000932196 2026 47
0.001220999999986816 961 18
0.0013429999999061693 988 22
0.0010990000000674627 1972 41
0.0013429999999061693 986 22
0.0014040000000932196 1008 23
0.0013429999999061693 1963 39
0.0013420000000223808 3021 67
0.001343000000133543 5955 122
0.001403999999865846 998 23
0.001403999999865846 1994 43
0.001403999999865846 1940 42
0.0012820000001738663 943 17
0.001220999999986816 2993 67
0.0012819999999464926 963 18
0.0014040000000932196 1027 23
0.001343000000133543 5002 108
0.0012200000001030276 1966 41
0.0014040000000932196 1947 45
0.001343000000133543 5026 109
0.0013420000000223808 1971 42
0.0014650000000528962 979 22
0.0012819999999464926 2041 44
0.001403999999865846 930 21
0.0014640000001691078 995 23
0.0014649999998255225 1961 42
0.001403999999865846 1987 43
0.0014040000000932196 2980 63
0.0012200000001030276 1962 43
0.0011600000000271393 2011 42
0.001098999999840089 2970 63
0.0012200000001030276 985 22
0.001098999999840089 961 19
0.0012210000002141896 1019 23
0.0010979999999563006 980 17
0.001098999999840089 949 21
0.0011600000000271393 995 23
0.0011599999997997656 2016 35
0.0012820000001738663 975 22
0.001036999999996624 1021 17
0.001220999999986816 1974 45
9.759999998095736E-4 941 14
0.001220999999986816 997 22
0.0011600000000271393 1000 23
0.001036999999996624 960 15
0.001220999999986816 995 22
0.0011600000000271393 998 23
0.001220999999986816 1994 38
0.0013429999999061693 2969 63
0.001036999999996624 1974 39
0.001220999999986816 3000 63
0.0014040000000932196 1973 45
0.0010379999998804124 910 13
0.0013420000000223808 1018 19
0.0012819999999464926 960 22
0.0011600000000271393 1007 17
0.001220999999986816 985 22
0.001220999999986816 1997 41
0.001220999999986816 2980 64
0.001220999999986816 951 21
0.0014639999999417341 2004 36
0.0010979999999563006 6968 144
0.0012819999999464926 941 21
0.001159000000143351 1985 41
0.001220999999986816 941 21
0.0013420000000223808 2979 64
0.0011600000000271393 1009 18
0.0014649999998255225 1973 44
0.0012820000001738663 3957 82
0.0013429999999061693 985 22
0.0013420000000223808 983 21
0.0013429999999061693 960 19
0.0012819999999464926 2006 37
0.0014029999999820575 983 22
0.001220999999986816 973 19
0.0011600000000271393 1968 39
0.0012820000001738663 1958 45
0.0011600000000271393 1002 17
0.0012810000000627042 1981 46
0.001220999999986816 953 16
0.0014650000000528962 1011 22
0.0013420000000223808 5919 126
0.0012819999999464926 2026 40
0.001098999999840089 2972 62
0.0014040000000932196 1994 45
0.0014650000000528962 1931 38
0.001098999999840089 2033 41
0.0012200000001030276 949 21
0.0010990000000674627 2003 41
0.0015250000001287844 1970 45
0.0012820000001738663 1963 38
0.0012819999999464926 1024 22
0.0010979999999563006 963 19
0.001220999999986816 1016 23
0.0015260000000125729 2001 42
0.0013420000000223808 938 19
0.0014650000000528962 979 22
0.0012820000001738663 1982 40
0.0012199999998756539 1989 42
0.0012820000001738663 950 18
0.001220999999986816 2040 42
0.0012199999998756539 943 21
0.0014040000000932196 1015 22
0.0013429999999061693 3981 83
0.0011600000000271393 977 22
0.0012200000001030276 964 16
0.0015260000000125729 1954 43
0.0013429999999061693 2024 42
0.001343000000133543 975 22
0.0012820000001738663 6959 146
0.0011600000000271393 5971 126
0.0011589999999159772 1946 40
0.0010979999999563006 3014 66
0.001220999999986816 983 22
0.0010379999998804124 938 18
0.0010979999999563006 3987 87
0.001220999999986816 1004 22
0.001220999999986816 1959 44
0.0015260000000125729 2985 64
0.0015869999999722495 1007 18
0.0014029999999820575 1980 45
0.001220999999986816 933 15
0.0013429999999061693 2968 63
0.0014650000000528962 1985 46
0.0014029999999820575 3974 87
0.0014040000000932196 944 21
0.0012819999999464926 7022 152
0.001403999999865846 1960 45
0.001220999999986816 3953 85
0.0013429999999061693 2027 47
0.0011600000000271393 3949 80
0.001343000000133543 986 22
0.0011589999999159772 1973 41
0.001343000000133543 990 22
0.0012819999999464926 1981 43
0.0012819999999464926 3964 90
0.0014040000000932196 963 22
0.0013420000000223808 4984 110
0.001403999999865846 6009 135
0.001220999999986816 973 17
0.001220999999986816 2979 65
0.0013429999999061693 947 21
0.0014040000000932196 3000 66
0.001220999999986816 5019 105
0.0014649999998255225 932 21
0.001343000000133543 965 22
0.0012199999998756539 1027 17
0.001343000000133543 988 22
0.001220999999986816 1987 42
0.001220999999986816 2959 64
0.0012819999999464926 3961 89
0.0014040000000932196 1001 23
0.0012200000001030276 1011 19
0.0012820000001738663 5972 131
0.0014649999998255225 981 22
0.0013420000000223808 1996 42
0.0013429999999061693 1999 44
0.0012820000001738663 954 20
0.0013420000000223808 984 21
0.0012819999999464926 1973 43
0.001403999999865846 985 22
0.001220999999986816 4011 87
0.001220999999986816 2963 65
0.0014040000000932196 984 19
0.0013420000000223808 1008 22
0.001343000000133543 1997 43
0.001403999999865846 1005 23
0.0012819999999464926 1951 41
0.0014650000000528962 3025 68
0.0014040000000932196 2991 67
0.0014639999999417341 2967 67
0.0013429999999061693 976 17
0.0014040000000932196 986 22
0.0013429999999061693 1995 43
0.001220999999986816 4019 90
0.0012819999999464926 932 20
0.0015249999999014108 1031 22
0.0012820000001738663 979 20
0.001403999999865846 983 22
0.0012810000000627042 1938 40
0.0012820000001738663 1989 43
0.0014040000000932196 2014 45
0.0012809999998353305 963 21
0.0012820000001738663 963 21
0.0012819999999464926 2016 45
0.001343000000133543 1960 44
0.0012819999999464926 1018 21
0.0012819999999464926 972 22
0.0013429999999061693 1966 41
0.0014040000000932196 1005 23
0.0012819999999464926 966 19
0.0013429999999061693 1972 46
0.0014040000000932196 4975 105
0.0012820000001738663 4000 87
0.0012820000001738663 2017 43
0.0014639999999417341 1986 45
0.001403999999865846 2942 65
0.0014040000000932196 2999 64
0.0012819999999464926 996 18
0.0013420000000223808 1952 45
0.0013429999999061693 1021 19
0.001403999999865846 1941 43
0.0012200000001030276 1006 19
0.0012819999999464926 975 22
0.0014040000000932196 992 23
0.0012819999999464926 988 19
0.0014029999999820575 974 22
0.0013429999999061693 1005 22
0.0012819999999464926 2974 64
0.0013420000000223808 980 22
0.0014650000000528962 1010 23
0.0012819999999464926 999 18
0.0012819999999464926 946 21
0.0014030000002094312 1009 23
0.001403999999865846 1975 41
0.001343000000133543 959 22
0.0015259999997851992 2983 64
0.0012809999998353305 7997 176
0.0012200000001030276 4998 107
0.0012820000001738663 1944 45
0.0012819999999464926 977 19
0.0015249999999014108 966 20
0.0014040000000932196 1008 23
0.0012819999999464926 987 18
0.001343000000133543 959 21
0.0012200000001030276 2002 43
0.001403999999865846 977 22
0.001220999999986816 1989 41
0.0013429999999061693 1991 46
0.0012820000001738663 979 17
0.0014029999999820575 1969 46
0.0011600000000271393 1001 18
0.0012810000000627042 2996 66
0.0012819999999464926 3972 87
0.0012819999999464926 2029 43
0.0014040000000932196 1974 46
0.0012199999998756539 972 18
0.0014040000000932196 1003 21
0.0015260000000125729 977 22
0.0012819999999464926 959 16
0.0013429999999061693 2983 66
0.0014650000000528962 5994 134
0.001220999999986816 953 17
0.0011600000000271393 2979 64
0.0014040000000932196 2006 46
0.0011589999999159772 956 16
0.0012810000000627042 3967 83
0.001403999999865846 1003 23
0.001220999999986816 959 17
0.0012810000000627042 6021 133
0.0013429999999061693 983 22
0.0014040000000932196 980 22
0.0013420000000223808 1998 42
0.0012819999999464926 964 22
0.0013429999999061693 4996 109
0.0014040000000932196 5960 132
0.0014639999999417341 1011 23
0.001220999999986816 966 17
0.0012819999999464926 4997 111
0.0012820000001738663 1012 21
0.0014029999999820575 976 22
0.0012819999999464926 975 20
0.0012819999999464926 2020 43
0.0013429999999061693 954 21
0.0014029999999820575 1015 23
0.001220999999986816 942 18
0.0014650000000528962 1020 23
0.0012819999999464926 4965 109
0.0014029999999820575 2003 44
0.001220999999986816 1961 41
0.0014040000000932196 1010 23
0.0012820000001738663 1936 41
0.001403999999865846 1007 23
0.001220999999986816 3963 83
0.0013429999999061693 999 22
0.0013429999999061693 2975 63
0.0014040000000932196 1005 21
0.0012199999998756539 970 17
0.0017089999998916028 4020 83
0.0014040000000932196 2921 62
0.001343000000133543 2999 67
0.001403999999865846 977 22
0.001220999999986816 965 18
0.001343000000133543 986 22
0.0014029999999820575 1005 23
0.0013429999999061693 987 19
0.0013420000000223808 2969 66
0.001220999999986816 6049 128
0.0013429999999061693 3929 88
0.0014040000000932196 1000 23
0.0012819999999464926 988 19
0.0013420000000223808 973 19
0.0014040000000932196 997 23
0.001220999999986816 1012 20
0.001403999999865846 977 22
0.0014040000000932196 3988 90
0.001343000000133543 7952 178
0.0012820000001738663 2016 40
0.0012200000001030276 2987 65
0.0015260000000125729 976 20
0.0013429999999061693 2002 37
0.0012810000000627042 2984 58
0.001403999999865846 998 22
0.0012820000001738663 932 21
0.0014040000000932196 4987 102
0.0012819999999464926 984 19
0.0014040000000932196 1016 23
0.001220999999986816 1930 41
0.0012819999999464926 2001 44
0.0012819999999464926 3966 88
0.0013420000000223808 1986 40
0.0014040000000932196 1002 23
0.0014040000000932196 1944 42
0.0014650000000528962 1001 23
0.001403999999865846 1997 43
0.0012819999999464926 1990 41
0.0014040000000932196 961 21
0.0016479999999319261 986 21
0.0014650000000528962 2001 41
0.0013420000000223808 4964 109
0.0013429999999061693 997 22
0.001403999999865846 2988 66
0.0012200000001030276 979 19
0.0015260000000125729 1990 42
0.001403999999865846 870 15
0.0015260000000125729 980 20
0.0014639999999417341 997 18
0.001220999999986816 3022 62
0.0012819999999464926 957 21
0.0014029999999820575 992 23
0.0011600000000271393 967 17
0.0013429999999061693 1021 23
0.0014040000000932196 1005 23
0.0013429999999061693 1945 42
0.001220999999986816 2005 43
0.0012809999998353305 968 22
0.001220999999986816 2010 44
0.001343000000133543 978 22
0.0014029999999820575 976 22
0.0013429999999061693 2002 42
0.0014040000000932196 3976 88
0.0014040000000932196 5973 126
0.0012819999999464926 982 18
0.0013429999999061693 3995 88
0.0014029999999820575 2017 39
0.0014650000000528962 2976 66
0.0012810000000627042 1985 44
0.001343000000133543 1998 47
0.0012819999999464926 985 16
0.0013420000000223808 4971 113
0.001403999999865846 1980 40
0.0013420000000223808 3000 68
0.0012819999999464926 976 21
0.001220999999986816 2019 43
0.0014029999999820575 972 22
0.0014650000000528962 958 22
0.0013429999999061693 997 17
0.0014650000000528962 2014 47
0.0012199999998756539 994 17
0.0014650000000528962 1980 46
0.0013419999997950072 1981 42
0.0012810000000627042 4989 111
0.0013429999999061693 967 22
0.001403999999865846 3998 90
0.001220999999986816 979 18
0.0014029999999820575 2010 47
0.001220999999986816 984 18
0.0014040000000932196 982 22
0.0013420000000223808 2009 42
0.0013429999999061693 972 22
0.0014040000000932196 993 23
0.001220999999986816 998 18
0.0013429999999061693 982 22
0.0014029999999820575 993 23
0.001343000000133543 1959 42
0.001403999999865846 991 21
0.0012200000001030276 978 18
0.0012810000000627042 3978 90
0.001220999999986816 2015 43
0.0012820000001738663 989 22
0.0014639999999417341 999 23
0.0014040000000932196 4965 109
0.001403999999865846 992 23
0.0014040000000932196 2032 43
0.0014029999999820575 986 23
0.0011600000000271393 947 17
0.0014040000000932196 1022 21
0.001403999999865846 1001 23
0.0013429999999061693 1945 41
0.0012810000000627042 3002 67
0.001403999999865846 996 23
0.001220999999986816 1003 18
0.001343000000133543 972 22
0.0014029999999820575 1002 23
0.0013429999999061693 1970 41
0.0014650000000528962 4004 89
0.0013420000000223808 2942 66
0.0012820000001738663 1012 18
0.0012819999999464926 975 22
0.0012810000000627042 2018 44
0.0014040000000932196 986 22
0.0011600000000271393 1988 42
0.0012819999999464926 2977 65
0.0014040000000932196 2006 47
0.0012200000001030276 948 17
0.0014650000000528962 2008 47
0.0012819999999464926 989 19
0.0013419999997950072 1973 45
0.001403999999865846 2004 43
0.001343000000133543 961 21
0.0012809999998353305 1007 20
0.0014040000000932196 972 22
0.0013429999999061693 5017 109
0.001343000000133543 977 22
0.0013429999999061693 2993 67
0.0012210000002141896 988 17
0.0013420000000223808 1972 46
0.0014650000000528962 4024 88
0.0014029999999820575 952 22
0.0014040000000932196 2025 44
0.0012819999999464926 2973 66
0.001343000000133543 941 21
0.0013429999999061693 1030 21
0.0012819999999464926 2013 43
0.0014040000000932196 3966 88
0.0011600000000271393 974 18
0.0013429999999061693 991 22
0.0013420000000223808 988 21
0.001343000000133543 2003 43
0.001403999999865846 997 23
0.0012200000001030276 957 18
0.0013429999999061693 988 22
0.0014650000000528962 1034 24
0.001343000000133543 1970 42
0.0013420000000223808 967 22
0.0013429999999061693 1964 43
0.0012199999998756539 2001 42
0.0014030000002094312 4016 91
0.0014040000000932196 2984 67
0.001343000000133543 1976 42
0.001220999999986816 1995 42
0.0013420000000223808 2013 47
0.0012820000001738663 2930 64
0.001403999999865846 3007 67
0.001220999999986816 1016 18
0.0012819999999464926 2940 66
0.0014029999999820575 2024 46
0.001098999999840089 1932 42
9.14999999849897E-4 3009 66
9.770000001481094E-4 989 23
9.14999999849897E-4 1968 42
9.150000000772707E-4 2011 44
9.159999999610591E-4 979 22
9.760000000369473E-4 988 23
9.159999999610591E-4 1029 20
9.150000000772707E-4 985 22
9.769999999207357E-4 999 23
9.760000000369473E-4 2963 66
9.159999999610591E-4 960 17
9.14999999849897E-4 969 22
9.160000001884328E-4 988 23
8.550000000013824E-4 3989 87
0.0010379999998804124 1040 23
9.769999999207357E-4 5958 136
9.159999999610591E-4 2017 45
8.550000000013824E-4 1957 44
9.760000000369473E-4 1011 22
9.14999999849897E-4 1972 44
0.0010990000000674627 1002 23
9.769999999207357E-4 978 22
0.0010980000001836743 6003 138
9.150000000772707E-4 2000 44
9.160000001884328E-4 9994 227
9.14999999849897E-4 934 20
9.160000001884328E-4 2989 64
9.159999999610591E-4 992 23
9.159999999610591E-4 2000 42
9.760000000369473E-4 1014 22
9.150000000772707E-4 3968 85
9.159999999610591E-4 976 22
9.150000000772707E-4 1022 24
8.550000000013824E-4 943 19
9.14999999849897E-4 989 21
0.0010979999999563006 8975 204
9.769999999207357E-4 2021 45
0.001036999999996624 975 22
9.160000001884328E-4 984 20
9.770000001481094E-4 2015 44
9.150000000772707E-4 2942 64
9.769999999207357E-4 982 22
9.769999999207357E-4 1002 23
9.769999999207357E-4 1978 41
9.14999999849897E-4 4991 110
9.770000001481094E-4 988 22
9.160000001884328E-4 2033 46
0.0011599999997997656 972 22
9.150000000772707E-4 2959 66
0.001036999999996624 1998 45
8.550000000013824E-4 970 18
9.760000000369473E-4 1009 23
0.001038000000107786 1000 23
9.759999998095736E-4 1978 42
9.770000001481094E-4 988 23
9.14999999849897E-4 1002 18
9.160000001884328E-4 986 22
9.159999999610591E-4 1987 42
0.0010979999999563006 3998 87
0.0011600000000271393 996 23
0.001038000000107786 2939 64
9.159999999610591E-4 2025 40
0.001036999999996624 987 23
9.769999999207357E-4 962 21
9.760000000369473E-4 2988 68
9.159999999610591E-4 3971 90
9.150000000772707E-4 1005 20
9.760000000369473E-4 2001 47
8.550000000013824E-4 950 18
9.760000000369473E-4 3019 68
9.769999999207357E-4 1006 23
8.550000000013824E-4 1937 43
9.14999999849897E-4 2005 44
9.159999999610591E-4 3001 68
9.159999999610591E-4 1941 44
9.150000000772707E-4 1023 21
9.159999999610591E-4 982 22
9.159999999610591E-4 1988 43
9.769999999207357E-4 1998 47
8.550000000013824E-4 1003 20
9.760000000369473E-4 1007 23
9.159999999610591E-4 972 22
9.159999999610591E-4 3961 89
9.150000000772707E-4 2989 65
9.150000000772707E-4 1981 43
9.769999999207357E-4 1009 23
8.550000000013824E-4 1969 43
9.769999999207357E-4 1014 23
9.760000000369473E-4 949 22
9.14999999849897E-4 1998 43
0.001038000000107786 993 23
9.770000001481094E-4 1979 43
8.539999998902204E-4 2985 66
0.001038000000107786 1000 23
9.159999999610591E-4 1973 42
9.770000001481094E-4 1029 24
9.770000001481094E-4 5970 134
9.160000001884328E-4 1963 44
9.14999999849897E-4 1011 22
9.150000000772707E-4 1987 42
9.159999999610591E-4 3036 69
9.160000001884328E-4 1969 46
9.14999999849897E-4 1974 44
9.160000001884328E-4 2975 67
9.760000000369473E-4 972 22
9.160000001884328E-4 2998 67
9.160000001884328E-4 1961 42
9.759999998095736E-4 1046 24
0.0013420000000223808 4990 107
9.760000000369473E-4 2956 65
9.769999999207357E-4 968 22
0.001036999999996624 995 23
0.001038000000107786 1002 20
9.760000000369473E-4 1959 46
0.0010379999998804124 6009 133
9.769999999207357E-4 1989 43
0.001036999999996624 994 23
9.159999999610591E-4 1012 18
9.769999999207357E-4 1945 45
0.0012819999999464926 2963 61
0.0012200000001030276 995 15
9.159999999610591E-4 2975 64
8.539999998902204E-4 1965 45
9.159999999610591E-4 984 19
9.159999999610591E-4 5989 135
9.760000000369473E-4 1008 23
9.769999999207357E-4 994 21
9.159999999610591E-4 1957 43
9.769999999207357E-4 989 22
9.760000000369473E-4 3030 68
0.001038000000107786 945 17
9.770000001481094E-4 1965 46
9.14999999849897E-4 1007 20
9.770000001481094E-4 974 22
8.54000000117594E-4 1994 41
8.550000000013824E-4 5008 114
0.0010979999999563006 992 21
9.159999999610591E-4 947 19
9.760000000369473E-4 1010 23
8.539999998902204E-4 3987 88
0.001038000000107786 995 23
8.550000000013824E-4 1015 19
9.150000000772707E-4 948 21
9.769999999207357E-4 1031 24
8.539999998902204E-4 975 19
9.150000000772707E-4 1966 46
9.159999999610591E-4 975 19
9.160000001884328E-4 1974 46
0.0010990000000674627 3004 63
9.769999999207357E-4 2970 58
9.159999999610591E-4 1984 44
9.150000000772707E-4 1003 22
9.160000001884328E-4 2936 67
9.14999999849897E-4 4995 110
9.160000001884328E-4 984 21
9.14999999849897E-4 966 22
8.539999998902204E-4 3040 67
9.14999999849897E-4 1984 44
9.159999999610591E-4 984 22
9.760000000369473E-4 5964 120
9.769999999207357E-4 946 20
9.770000001481094E-4 2003 37
9.759999998095736E-4 1000 21
9.14999999849897E-4 5977 119
0.001038000000107786 986 21
9.760000000369473E-4 1986 37
9.760000000369473E-4 1990 43
9.769999999207357E-4 4994 97
9.150000000772707E-4 947 20
9.159999999610591E-4 3975 78
9.760000000369473E-4 4005 81
9.159999999610591E-4 969 21
8.539999998902204E-4 995 16
9.760000000369473E-4 1994 44
8.54000000117594E-4 3958 76
9.769999999207357E-4 957 20
0.001036999999996624 1007 22
0.001038000000107786 2017 38
9.14999999849897E-4 969 21
9.150000000772707E-4 2002 39
0.0010990000000674627 962 21
9.769999999207357E-4 1963 38
9.760000000369473E-4 991 21
9.159999999610591E-4 999 17
0.001038000000107786 993 21
9.759999998095736E-4 945 20
0.001036999999996624 1972 39
9.769999999207357E-4 2993 60
8.550000000013824E-4 2979 60
0.001036999999996624 990 21
9.159999999610591E-4 986 19
9.770000001481094E-4 2006 40
9.769999999207357E-4 2008 43
9.769999999207357E-4 1935 39
8.539999998902204E-4 1015 17
9.770000001481094E-4 991 21
9.769999999207357E-4 980 20
9.150000000772707E-4 959 18
9.769999999207357E-4 1029 22
9.150000000772707E-4 989 17
9.159999999610591E-4 2958 61
9.760000000369473E-4 2979 59
0.0010379999998804124 4000 80
8.54000000117594E-4 1019 15
8.550000000013824E-4 2962 57
0.0010979999999563006 1982 43
8.550000000013824E-4 966 14
0.0013420000000223808 997 21
9.770000001481094E-4 955 18
0.001098999999840089 1006 21
9.760000000369473E-4 919 16
9.160000001884328E-4 2978 62
9.770000001481094E-4 1977 41
9.160000001884328E-4 1998 42
9.159999999610591E-4 3029 60
9.760000000369473E-4 975 21
9.159999999610591E-4 903 15
8.54000000117594E-4 3003 62
9.159999999610591E-4 1956 41
9.760000000369473E-4 3022 60
9.14999999849897E-4 1971 42
0.0010990000000674627 1010 18
0.001038000000107786 966 20
9.14999999849897E-4 2998 61
9.159999999610591E-4 4980 104
9.769999999207357E-4 5005 101
9.159999999610591E-4 1975 41
9.159999999610591E-4 2002 40
9.159999999610591E-4 2003 41
0.001036999999996624 985 21
8.550000000013824E-4 964 17
9.760000000369473E-4 1026 22
9.150000000772707E-4 2932 60
9.150000000772707E-4 1991 41
0.0010379999998804124 1025 22
8.54000000117594E-4 977 18
9.150000000772707E-4 1986 41
9.769999999207357E-4 960 19
9.769999999207357E-4 3016 64
9.159999999610591E-4 1936 38
9.150000000772707E-4 965 20
9.769999999207357E-4 1034 20
9.760000000369473E-4 992 21
9.150000000772707E-4 3940 80
9.159999999610591E-4 974 21
0.0011600000000271393 998 13
0.001036999999996624 1037 22
9.159999999610591E-4 986 20
9.150000000772707E-4 940 18
9.769999999207357E-4 1023 22
9.759999998095736E-4 2952 61
0.001038000000107786 5021 99
0.00225799999998344 2438 15
0.0012819999999464926 524 11
0.001036999999996624 1984 40
0.001038000000107786 979 21
0.001036999999996624 974 17
9.769999999207357E-4 963 21
9.769999999207357E-4 998 21
9.760000000369473E-4 1002 19
9.770000001481094E-4 1001 22
9.770000001481094E-4 1944 40
0.0010979999999563006 1001 20
0.0010379999998804124 3993 86
0.001036999999996624 998 20
9.14999999849897E-4 1968 41
9.159999999610591E-4 1956 41
9.760000000369473E-4 998 22
8.550000000013824E-4 999 18
9.760000000369473E-4 6999 152
8.550000000013824E-4 996 17
9.760000000369473E-4 991 20
8.550000000013824E-4 969 20
7.929999999305437E-4 941 18
8.539999998902204E-4 2040 42
8.550000000013824E-4 1973 41
9.159999999610591E-4 1966 42
8.550000000013824E-4 2030 40
9.14999999849897E-4 964 21
7.929999999305437E-4 1979 40
9.159999999610591E-4 2999 63
9.760000000369473E-4 1007 22
9.769999999207357E-4 2996 63
0.001038000000107786 940 21
0.0010990000000674627 2027 36
0.001036999999996624 953 20
9.760000000369473E-4 2048 40
9.159999999610591E-4 940 21
9.770000001481094E-4 2017 39
9.759999998095736E-4 3996 88
9.160000001884328E-4 1004 18
9.759999998095736E-4 996 23
9.159999999610591E-4 2945 66
9.159999999610591E-4 2032 46
9.769999999207357E-4 1975 43
9.14999999849897E-4 4994 113
8.550000000013824E-4 3008 67
8.539999998902204E-4 968 20
9.160000001884328E-4 946 22
9.159999999610591E-4 2006 45
8.54000000117594E-4 1025 21
8.54000000117594E-4 3978 89
8.550000000013824E-4 2986 65
7.930000001579174E-4 2962 66
9.159999999610591E-4 1039 24
8.550000000013824E-4 1953 42
8.54000000117594E-4 992 23
9.159999999610591E-4 1008 23
9.160000001884328E-4 1992 42
9.159999999610591E-4 2003 46
8.54000000117594E-4 969 20
9.159999999610591E-4 988 23
8.539999998902204E-4 976 21
9.159999999610591E-4 991 22
7.930000001579174E-4 987 21
8.539999998902204E-4 2023 44
8.550000000013824E-4 2999 68
0.0010979999999563006 3960 91
0.0012820000001738663 999 23
0.0011599999997997656 1002 20
0.0012200000001030276 961 22
0.001220999999986816 3990 91
0.0012810000000627042 2974 67
0.001098999999840089 962 18
0.0014040000000932196 3975 81
0.001098999999840089 1998 43
0.0012810000000627042 1016 23
0.0012199999998756539 2993 63
0.001343000000133543 972 22
0.001220999999986816 984 23
0.0012819999999464926 1016 18
0.001220999999986816 1935 29
0.001159000000143351 2000 33
0.0012819999999464926 1006 21
9.150000000772707E-4 1981 44
9.150000000772707E-4 1998 44
9.159999999610591E-4 984 21
9.760000000369473E-4 2002 56
9.159999999610591E-4 931 39
9.760000000369473E-4 1003 43
9.770000001481094E-4 3021 125
0.0014650000000528962 8011 339
0.0013420000000223808 897 16
8.550000000013824E-4 1006 20
9.759999998095736E-4 985 19
9.160000001884328E-4 968 16
9.14999999849897E-4 986 22
9.159999999610591E-4 989 22
9.160000001884328E-4 1011 19
9.150000000772707E-4 2977 61
9.159999999610591E-4 961 18
9.150000000772707E-4 3011 57
8.550000000013824E-4 1001 20
8.539999998902204E-4 983 22
9.159999999610591E-4 986 22
0.001098999999840089 2980 67
0.001159000000143351 1028 23
0.0010379999998804124 935 20
0.001038000000107786 2018 38
9.769999999207357E-4 984 18
9.150000000772707E-4 990 20
0.001098999999840089 1030 18
9.760000000369473E-4 941 16
0.001038000000107786 1005 19
0.0011600000000271393 968 16
0.0010979999999563006 1075 18
9.769999999207357E-4 919 13
9.159999999610591E-4 3035 68
0.001036999999996624 977 22
9.770000001481094E-4 976 21
9.14999999849897E-4 1012 23
9.760000000369473E-4 3965 90
0.0010379999998804124 976 22
9.160000001884328E-4 989 21
9.760000000369473E-4 2997 69
0.0011599999997997656 960 20
0.0010990000000674627 1014 23
9.150000000772707E-4 2979 66
0.0010379999998804124 981 22
0.001036999999996624 999 23
0.0011600000000271393 1003 20
0.0010979999999563006 2019 47
0.0010990000000674627 990 20
0.0011600000000271393 996 21
0.001098999999840089 2963 67
0.0010979999999563006 986 21
0.0010990000000674627 940 21
0.001159000000143351 1056 22
0.0010979999999563006 2959 66
0.001220999999986816 977 22
0.0010979999999563006 1954 43
0.0011600000000271393 1982 47
0.001220999999986816 1992 46
0.0011600000000271393 969 21
0.0011600000000271393 3006 69
0.001220999999986816 1960 47
0.0012200000001030276 1990 42
0.001098999999840089 3947 92
0.001038000000107786 2979 68
0.0012819999999464926 958 22
0.001038000000107786 2967 66
0.0013420000000223808 972 17
0.0011599999997997656 999 23
0.0010990000000674627 946 20
0.0010990000000674627 2972 67
0.0012200000001030276 997 23
0.0010979999999563006 2967 66
0.0011600000000271393 2008 46
0.001098999999840089 1930 40
0.0011600000000271393 4024 93
0.001036999999996624 3901 87
0.0010979999999563006 2009 47
0.0011600000000271393 1921 43
0.001220999999986816 2991 67
0.001220999999986816 958 21
0.0012200000001030276 987 22
0.0011600000000271393 997 21
0.001220999999986816 996 22
0.0012810000000627042 957 21
0.001220999999986816 2987 67
0.0014649999998255225 5949 133
0.0014650000000528962 975 23
0.0012819999999464926 968 17
0.0012810000000627042 962 22
0.0012199999998756539 3031 69
0.001038000000107786 1920 43
0.001038000000107786 1994 44
0.0011600000000271393 958 22
0.0010990000000674627 2028 46
0.001038000000107786 2947 66
0.0010990000000674627 2966 65
0.0010979999999563006 955 19
0.0012819999999464926 2022 42
0.0010990000000674627 2909 67
0.0011600000000271393 1989 43
0.0010979999999563006 1969 44
0.0011600000000271393 977 22
0.001220999999986816 3992 90
0.0012200000001030276 1950 42
0.0011600000000271393 991 23
0.001036999999996624 991 18
0.0011600000000271393 939 21
0.001220999999986816 1029 24
0.001036999999996624 942 20
0.0011600000000271393 1027 23
0.001098999999840089 2977 69
0.0010990000000674627 2953 67
0.001036999999996624 1986 43
0.0011600000000271393 1984 47
0.0010979999999563006 986 20
0.0011600000000271393 982 22
0.001036999999996624 1977 44
0.0012210000002141896 4020 90
0.0010990000000674627 4947 110
0.0011589999999159772 1922 45
0.0010990000000674627 995 20
0.0011600000000271393 1006 23
0.0010979999999563006 3968 89
0.0011600000000271393 957 19
0.0011589999999159772 1992 47
0.001038000000107786 972 19
0.0011599999997997656 7958 183
0.001098999999840089 3961 82
0.001098999999840089 2955 67
0.0010979999999563006 955 22
0.0011600000000271393 996 23
0.0010990000000674627 984 20
0.0011589999999159772 969 22
0.0011600000000271393 2010 44
0.0012199999998756539 958 22
0.001220999999986816 2013 46
0.0012200000001030276 949 21
0.0011600000000271393 2026 46
0.0012210000002141896 2987 69
0.0011599999997997656 948 21
0.0012200000001030276 961 22
0.0010979999999563006 3013 68
0.0010990000000674627 925 21
0.0010990000000674627 3026 67
0.001098999999840089 983 22
0.0011600000000271393 1950 42
0.001098999999840089 1983 44
0.0011600000000271393 976 22
0.0014650000000528962 965 18
0.0012210000002141896 2006 35
0.0011599999997997656 937 18
0.0010379999998804124 2979 65
0.0010379999998804124 1945 44
0.0012819999999464926 984 22
0.0011599999997997656 1960 44
0.001220999999986816 989 23
0.001159000000143351 955 20
0.0012819999999464926 2007 41
0.0011600000000271393 931 20
0.001220999999986816 2009 44
0.0012819999999464926 1989 46
0.001036999999996624 930 17
0.0012820000001738663 1014 23
0.001403999999865846 971 22
0.0011589999999159772 967 19
0.0012820000001738663 973 22
0.001220999999986816 2007 42
0.0014029999999820575 979 22
0.0016480000001592998 986 22
0.0015260000000125729 941 17
0.0014649999998255225 969 21
0.0012820000001738663 993 23
0.001220999999986816 2016 43
0.0011600000000271393 928 21
0.0010979999999563006 988 18
0.0010990000000674627 2005 47
0.0010990000000674627 1977 42
0.0011600000000271393 956 22
9.759999998095736E-4 963 18
0.001220999999986816 1016 23
0.0011600000000271393 987 23
0.001036999999996624 992 18
0.0011600000000271393 970 22
0.001220999999986816 1007 23
0.0011600000000271393 1962 43
0.001098999999840089 2974 67
0.0011600000000271393 3972 90
0.0012200000001030276 974 19
0.0013429999999061693 995 22
0.0011600000000271393 6983 157
0.0011589999999159772 916 18
0.0011600000000271393 980 22
0.001220999999986816 1027 24
0.001036999999996624 938 19
0.001220999999986816 1012 23
0.0011600000000271393 968 22
0.0011600000000271393 2983 67
0.001220999999986816 950 17
0.0011600000000271393 7023 159
0.001220999999986816 926 21
0.0010979999999563006 957 20
0.0011600000000271393 1034 24
0.001098999999840089 955 21
0.0010990000000674627 1984 44
0.001220999999986816 3003 69
0.0011589999999159772 4949 110
0.001220999999986816 957 22
0.0010990000000674627 3981 88
0.0015260000000125729 999 23
0.0016479999999319261 1985 46
0.0015260000000125729 1951 46
0.0015260000000125729 2005 41
0.0014650000000528962 941 21
0.0015260000000125729 1985 43
0.0018310000000383297 1911 46
0.0018310000000383297 991 20
0.001952999999957683 1009 23
0.0018919999999980064 984 22
0.001830999999810956 1998 44
0.0017090000001189765 4001 92
0.001952999999957683 1003 21
0.0017089999998916028 951 19
0.0018310000000383297 997 23
0.0018930000001091685 2036 43
0.001830999999810956 954 22
0.0018310000000383297 2004 44
0.0018310000000383297 1982 47
0.0018310000000383297 1000 19
0.0017699999998512794 963 22
0.0018919999999980064 990 19
0.001770000000078653 2993 71
0.0018919999999980064 2024 46
0.0018310000000383297 3962 93
0.0018310000000383297 3010 70
0.0017089999998916028 1960 45
0.0018919999999980064 993 23
0.0018310000000383297 4025 92
0.0018919999999980064 2006 46
0.0017090000001189765 908 19
0.0018919999999980064 996 23
0.0018919999999980064 1037 23
0.0018310000000383297 988 23
0.0018930000001091685 2975 68
0.0017699999998512794 987 20
0.0018919999999980064 994 23
0.001770000000078653 1988 44
0.0018310000000383297 993 23
0.0017699999998512794 5967 137
0.0018919999999980064 1019 24
0.0018310000000383297 3984 88
0.0017089999998916028 2975 68
0.0018310000000383297 1001 23
0.0014649999998255225 5982 136
0.001220999999986816 2974 68
0.0011600000000271393 4948 114
0.001220999999986816 1020 23
0.0010990000000674627 1984 45
9.769999999207357E-4 927 19
0.0010979999999563006 996 23
0.0010990000000674627 976 20
0.001036999999996624 989 23
0.0010379999998804124 4005 90
0.0011589999999159772 970 23
9.769999999207357E-4 3968 87
0.0010979999999563006 1002 23
0.0010990000000674627 1983 45
0.0010990000000674627 1993 46
0.001036999999996624 2010 43
0.0011600000000271393 1945 46
0.0010979999999563006 965 17
0.001220999999986816 1035 24
0.0011600000000271393 989 23
0.001036999999996624 975 19
0.0011600000000271393 980 22
0.001220999999986816 996 23
0.001036999999996624 980 19
0.0010979999999563006 2978 64
0.0012819999999464926 959 22
0.0011589999999159772 4997 112
0.0010979999999563006 2914 66
0.0011600000000271393 946 22
0.0011600000000271393 4985 115
0.0010990000000674627 937 19
0.0011589999999159772 1016 23
0.0011600000000271393 983 23
0.0010979999999563006 2018 39
0.0010990000000674627 1930 42
0.0011600000000271393 2010 47
0.0010990000000674627 987 20
9.769999999207357E-4 2947 65
0.0011589999999159772 3971 92
0.0011600000000271393 1943 44
0.0011600000000271393 3991 89
0.0012819999999464926 1964 46
0.0011600000000271393 1006 20
0.0012200000001030276 961 22
0.001220999999986816 1989 45
0.0011600000000271393 972 22
0.001036999999996624 998 21
0.0010990000000674627 2983 68
0.001098999999840089 981 20
0.0012200000001030276 980 22
0.0010990000000674627 946 22
0.001038000000107786 4019 88
0.0015249999999014108 982 22
0.001220999999986816 975 22
0.0010990000000674627 991 17
0.0011589999999159772 998 23
0.0010379999998804124 1957 43
0.0010990000000674627 2012 46
0.0010379999998804124 3978 90
0.0011600000000271393 1936 46
0.0013429999999061693 5987 132
0.0011589999999159772 1943 43
0.001220999999986816 956 21
0.0011600000000271393 961 20
0.001220999999986816 6014 137
0.0010990000000674627 1932 41
0.001220999999986816 993 23
0.0010979999999563006 942 19
0.001220999999986816 978 22
0.001038000000107786 2983 68
0.0010979999999563006 1972 40
0.001220999999986816 3960 90
0.0011600000000271393 952 21
0.0012200000001030276 1009 22
0.0011599999997997656 971 22
0.0010990000000674627 985 20
0.0012200000001030276 1010 23
0.0011600000000271393 927 21
0.001220999999986816 993 22
0.0011600000000271393 3024 67
0.0010979999999563006 1931 42
0.0012819999999464926 6031 133
0.0015260000000125729 941 17
0.0012819999999464926 3951 88
0.0011599999997997656 1997 44
0.0010979999999563006 1947 41
0.0011600000000271393 971 22
0.0010980000001836743 990 23
0.0011600000000271393 2009 41
0.0011589999999159772 945 22
0.0012199999998756539 2989 66
0.0011600000000271393 1957 42
0.0011589999999159772 958 22
0.0011600000000271393 3995 90
0.0010980000001836743 4980 111
0.001220999999986816 944 22
0.001098999999840089 2949 66
0.0012210000002141896 1001 23
0.0011599999997997656 1948 44
0.0011600000000271393 3009 64
0.0010980000001836743 1951 42
0.001220999999986816 2003 47
0.0010979999999563006 970 19
0.001220999999986816 4957 114
0.0012810000000627042 3954 83
0.0010990000000674627 1957 45
0.0011600000000271393 3015 68
0.0010979999999563006 931 19
0.0010990000000674627 969 22
0.001220999999986816 1004 23
0.0010979999999563006 987 19
0.0011600000000271393 962 22
0.0011589999999159772 2012 44
0.001220999999986816 3967 88
0.0011600000000271393 2967 67
0.0011589999999159772 966 22
0.0010990000000674627 988 20
0.001159000000143351 4977 115
0.0010379999998804124 1963 43
0.0012200000001030276 3980 91
0.001159000000143351 2922 66
0.0011600000000271393 4973 109
0.001098999999840089 2922 68
0.001220999999986816 3997 91
0.0012819999999464926 1935 42
0.0012819999999464926 997 23
0.0012819999999464926 2947 66
0.0014040000000932196 992 22
0.0012809999998353305 1964 42
0.0010979999999563006 3003 69
0.0010990000000674627 1912 44
0.001098999999840089 1936 44
0.0010990000000674627 980 21
0.001098999999840089 3995 89
0.0010990000000674627 974 19
0.0010979999999563006 976 22
0.0011600000000271393 961 22
0.0010990000000674627 969 19
0.001098999999840089 1988 47
0.0010990000000674627 2982 65
0.0010979999999563006 5002 113
0.0011600000000271393 916 20
0.0010979999999563006 1988 44
0.0010990000000674627 1968 45
0.0012199999998756539 977 21
0.0011589999999159772 2987 68
0.001220999999986816 5015 111
0.0010990000000674627 2868 65
0.0011600000000271393 1973 43
0.0011600000000271393 982 23
0.0011600000000271393 1996 44
0.0011600000000271393 2969 66
0.0010990000000674627 1997 43
0.001220999999986816 1980 46
0.0010979999999563006 995 18
0.0011600000000271393 959 22
0.0015260000000125729 5009 114
0.0015260000000125729 3911 89
0.0015869999999722495 5007 116
0.0017090000001189765 1933 44
0.001770000000078653 4012 93
0.0017699999998512794 980 22
0.0017089999998916028 1985 42
0.0017090000001189765 3007 65
0.0018310000000383297 1002 23
0.0017089999998916028 938 22
0.0017090000001189765 1031 19
0.0017699999998512794 959 22
0.0018310000000383297 1027 24
0.0018310000000383297 5979 135
0.001770000000078653 974 20
0.0017090000001189765 2965 62
0.0017699999998512794 962 22
0.0018919999999980064 1021 24
0.001830999999810956 3002 68
0.001770000000078653 986 21
totals: 2.7147899999999936 2347 4554760.0 100000
