[4, 1, 4, 1, 2, 5, 8, 9, 6, 9]
[1, 1, 2, 4, 4, 5, 6, 8, 9, 9]

readings: 0
delay: 10
1	dram:	0.004273000000466709	core:	0.051390999997238396	pkg:	0.0665889999945648
 


------------=============+++============-----------



[2, 4, 7, 4, 1, 5, 7, 1, 6, 2]
[1, 1, 2, 2, 4, 4, 5, 6, 7, 7]

readings: 0
delay: 10
1	dram:	0.004761000000144122	core:	0.049377999999705935	pkg:	0.0842899999988731
 


------------=============+++============-----------



[2, 4, 7, 4, 4, 2, 2, 4, 3, 6]
[2, 2, 2, 3, 4, 4, 4, 4, 6, 7]

readings: 0
delay: 10
1	dram:	0.004456000000573113	core:	0.04852300000129617	pkg:	0.07013000000733882
 


------------=============+++============-----------



[5, 2, 2, 10, 10, 4, 8, 1, 7, 4]
[1, 2, 2, 4, 4, 5, 7, 8, 10, 10]

readings: 0
delay: 10
1	dram:	0.003966999998738174	core:	0.04473900000084541	pkg:	0.06262199999764562
 


------------=============+++============-----------



[2, 9, 8, 4, 2, 5, 9, 8, 4, 4]
[2, 2, 4, 4, 4, 5, 8, 8, 9, 9]

readings: 0
delay: 10
1	dram:	0.005187999999179738	core:	0.047606999996787636	pkg:	0.08471700000518467
 


------------=============+++============-----------



[9, 5, 9, 8, 6, 7, 4, 7, 1, 6]
[1, 4, 5, 6, 6, 7, 7, 8, 9, 9]

readings: 0
delay: 10
1	dram:	0.005554999999731081	core:	0.062316999999893596	pkg:	0.10504099998797756
 


------------=============+++============-----------



[6, 1, 3, 5, 8, 5, 1, 6, 2, 6]
[1, 1, 2, 3, 5, 5, 6, 6, 6, 8]

readings: 0
delay: 10
1	dram:	0.005553999999392545	core:	0.04974399999991874	pkg:	0.10235599998850375
 


------------=============+++============-----------



[8, 3, 7, 4, 5, 7, 10, 9, 2, 7]
[2, 3, 4, 5, 7, 7, 7, 8, 9, 10]

readings: 0
delay: 10
1	dram:	0.003172999999151216	core:	0.02368199999909848	pkg:	0.04302899999311194
 


------------=============+++============-----------



[6, 8, 4, 10, 10, 9, 10, 10, 1, 4]
[1, 4, 4, 6, 8, 9, 10, 10, 10, 10]

readings: 0
delay: 10
1	dram:	0.003662000000986154	core:	0.030090000000200234	pkg:	0.05267299999832176
 


------------=============+++============-----------



[4, 8, 9, 7, 10, 5, 1, 6, 4, 7]
[1, 4, 4, 5, 6, 7, 7, 8, 9, 10]

readings: 0
delay: 10
1	dram:	0.004333000000769971	core:	0.051575000001321314	pkg:	0.06964100000914186
 


------------=============+++============-----------



[9, 9, 6, 5, 5, 1, 7, 5, 9, 9]
[1, 5, 5, 5, 6, 7, 9, 9, 9, 9]

readings: 0
delay: 10
1	dram:	0.003905999999915366	core:	0.035217000000557164	pkg:	0.05596900000819005
 


------------=============+++============-----------



[4, 10, 10, 10, 7, 3, 2, 8, 7, 6]
[2, 3, 4, 6, 7, 7, 8, 10, 10, 10]

readings: 0
delay: 10
1	dram:	0.004210999999486376	core:	0.03674300000056974	pkg:	0.06195000000298023
 


------------=============+++============-----------



[3, 8, 3, 7, 7, 9, 3, 3, 9, 1]
[1, 3, 3, 3, 3, 7, 7, 8, 9, 9]

readings: 0
delay: 10
1	dram:	0.0038449999992735684	core:	0.03393599999981234	pkg:	0.05529799999203533
 


------------=============+++============-----------



[7, 9, 1, 6, 7, 3, 7, 4, 8, 3]
[1, 3, 3, 4, 6, 7, 7, 7, 8, 9]

readings: 0
delay: 10
1	dram:	0.0036010000003443565	core:	0.03369100000054459	pkg:	0.05639699999301229
 


------------=============+++============-----------



[8, 8, 10, 4, 6, 10, 2, 4, 10, 10]
[2, 4, 4, 6, 8, 8, 10, 10, 10, 10]

readings: 0
delay: 10
1	dram:	0.004515999999057385	core:	0.03149399999892921	pkg:	0.06701699999393895
 


------------=============+++============-----------



[6, 9, 7, 6, 4, 6, 8, 9, 9, 7]
[4, 6, 6, 6, 7, 7, 8, 9, 9, 9]

readings: 0
delay: 10
1	dram:	0.007202999999208259	core:	0.06597900000269874	pkg:	0.11889599999994971
 


------------=============+++============-----------



