DRAM 4.269999999451102E-4 702 7
DRAM 3.660000002128072E-4 1839 27
DRAM 5.490000003192108E-4 2902 43
DRAM 4.8799999967741314E-4 905 13
DRAM 9.149999996225233E-4 1928 30
DRAM 3.660000002128072E-4 2912 50
DRAM 3.0499999957100954E-4 1889 34
DRAM 4.269999999451102E-4 1961 35
DRAM 5.490000003192108E-4 1958 33
DRAM 4.890000000159489E-4 912 17
DRAM 4.269999999451102E-4 881 18
DRAM 4.8799999967741314E-4 952 18
DRAM 3.660000002128072E-4 3915 82
DRAM 3.0500000048050424E-4 3902 81
DRAM 3.659999993033125E-4 955 19
DRAM 3.660000002128072E-4 7934 172
DRAM 4.269999999451102E-4 919 18
DRAM 5.490000003192108E-4 915 17
DRAM 3.059999999095453E-4 946 19
DRAM 3.659999993033125E-4 2962 60
DRAM 3.6699999964184826E-4 1914 41
DRAM 3.059999999095453E-4 4965 102
DRAM 3.659999993033125E-4 1974 42
DRAM 3.6699999964184826E-4 2881 61
DRAM 3.0499999957100954E-4 6960 154
DRAM 3.660000002128072E-4 979 19
DRAM 3.0500000048050424E-4 927 20
DRAM 3.6699999964184826E-4 971 21
DRAM 4.269999999451102E-4 1937 46
DRAM 4.269999999451102E-4 911 34
DRAM 3.659999993033125E-4 2934 117
DRAM 3.660000002128072E-4 1947 75
DRAM 4.269999999451102E-4 1966 78
DRAM 3.0500000048050424E-4 941 37
DRAM 3.659999993033125E-4 965 38
DRAM 3.0500000048050424E-4 945 37
DRAM 3.6699999964184826E-4 950 37
DRAM 2.4399999983870657E-4 1927 77
DRAM 3.660000002128072E-4 1962 78
DRAM 7.939999995869584E-4 916 34
DRAM 3.0499999957100954E-4 3939 156
DRAM 4.269999999451102E-4 916 34
DRAM 4.269999999451102E-4 961 38
DRAM 3.059999999095453E-4 1973 79
DRAM 3.0500000048050424E-4 1913 77
DRAM 3.660000002128072E-4 1957 75
DRAM 3.6700000055134296E-4 927 35
DRAM 4.269999999451102E-4 958 37
DRAM 3.660000002128072E-4 1945 78
DRAM 3.0500000048050424E-4 951 38
DRAM 4.269999999451102E-4 7969 323
DRAM 3.659999993033125E-4 2899 102
DRAM 4.269999999451102E-4 2924 117
DRAM 4.890000000159489E-4 2951 119
DRAM 5.490000003192108E-4 961 26
DRAM 3.0499999957100954E-4 6946 283
DRAM 3.6700000055134296E-4 917 36
DRAM 3.659999993033125E-4 1961 79
DRAM 3.660000002128072E-4 942 37
DRAM 3.660000002128072E-4 983 37
DRAM 4.269999999451102E-4 1916 76
DRAM 4.8800000058690784E-4 3979 153
DRAM 5.499999997482519E-4 5889 192
DRAM 7.319999995161197E-4 826 26
DRAM 4.890000000159489E-4 1931 73
DRAM 6.709999997838167E-4 1747 66
DRAM 5.499999997482519E-4 893 34
DRAM 4.8799999967741314E-4 1953 76
DRAM 7.319999995161197E-4 2946 115
DRAM 6.720000001223525E-4 2912 83
DRAM 5.490000003192108E-4 3912 125
DRAM 6.110000003900495E-4 883 35
DRAM 4.8800000058690784E-4 2981 120
DRAM 3.6699999964184826E-4 929 38
DRAM 4.8799999967741314E-4 972 38
DRAM 4.890000000159489E-4 1911 68
DRAM 4.269999999451102E-4 971 37
DRAM 3.660000002128072E-4 932 37
DRAM 3.660000002128072E-4 1954 79
DRAM 3.059999999095453E-4 954 38
DRAM 4.269999999451102E-4 962 38
DRAM 4.2800000028364593E-4 3000 122
DRAM 3.6700000055134296E-4 3942 160
DRAM 6.100000000515138E-4 893 24
DRAM 3.659999993033125E-4 1937 76
DRAM 3.660000002128072E-4 1943 77
DRAM 3.659999993033125E-4 922 31
DRAM 4.2800000028364593E-4 2948 119
DRAM 3.0500000048050424E-4 1931 83
DRAM 3.660000002128072E-4 994 42
DRAM 3.0499999957100954E-4 927 37
DRAM 5.490000003192108E-4 2955 120
DRAM 3.6699999964184826E-4 1930 66
DRAM 3.660000002128072E-4 1989 79
DRAM 3.6699999964184826E-4 1919 79
DRAM 3.660000002128072E-4 934 35
DRAM 3.0499999957100954E-4 971 41
DRAM 3.660000002128072E-4 940 38
DRAM 3.0499999957100954E-4 5958 256
DRAM 3.660000002128072E-4 970 41
DRAM 3.6699999964184826E-4 954 34
DRAM 3.0500000048050424E-4 943 40
DRAM 4.269999999451102E-4 993 42
DRAM 3.0499999957100954E-4 928 39
DRAM 3.0499999957100954E-4 1986 83
DRAM 3.660000002128072E-4 951 37
DRAM 3.660000002128072E-4 4960 210
DRAM 3.0499999957100954E-4 1955 82
DRAM 3.660000002128072E-4 951 40
DRAM 7.929999992484227E-4 2937 114
DRAM 4.269999999451102E-4 4963 171
DRAM 4.269999999451102E-4 904 37
DRAM 3.660000002128072E-4 2916 122
DRAM 3.660000002128072E-4 3969 162
DRAM 3.6700000055134296E-4 2951 123
DRAM 4.269999999451102E-4 1960 80
DRAM 4.269999999451102E-4 2942 118
DRAM 3.0499999957100954E-4 933 38
DRAM 3.059999999095453E-4 2937 123
DRAM 3.659999993033125E-4 2995 121
DRAM 3.660000002128072E-4 5955 243
DRAM 3.660000002128072E-4 1915 72
DRAM 3.0499999957100954E-4 918 38
DRAM 3.6700000055134296E-4 1968 76
DRAM 3.660000002128072E-4 945 37
DRAM 3.0499999957100954E-4 925 38
DRAM 4.269999999451102E-4 963 34
DRAM 4.269999999451102E-4 792 22
DRAM 3.0499999957100954E-4 1932 77
DRAM 4.269999999451102E-4 949 39
DRAM 2.4399999983870657E-4 2960 118
DRAM 3.660000002128072E-4 930 38
DRAM 3.660000002128072E-4 1995 83
DRAM 3.0500000048050424E-4 3939 165
DRAM 6.099999991420191E-4 956 28
DRAM 3.660000002128072E-4 6936 259
DRAM 3.659999993033125E-4 903 37
DRAM 3.0500000048050424E-4 994 40
DRAM 3.0500000048050424E-4 1931 80
DRAM 3.0499999957100954E-4 1980 83
DRAM 3.660000002128072E-4 982 40
DRAM 3.6699999964184826E-4 973 40
DRAM 3.0500000048050424E-4 925 38
DRAM 3.6699999964184826E-4 3986 161
DRAM 3.660000002128072E-4 955 39
DRAM 3.0500000048050424E-4 957 39
DRAM 3.0500000048050424E-4 1996 83
DRAM 3.6699999964184826E-4 929 38
DRAM 3.660000002128072E-4 2971 124
DRAM 6.100000000515138E-4 939 38
DRAM 4.2800000028364593E-4 981 40
DRAM 3.0499999957100954E-4 1940 81
DRAM 3.660000002128072E-4 941 39
DRAM 4.2800000028364593E-4 986 34
DRAM 3.659999993033125E-4 975 40
DRAM 3.0500000048050424E-4 962 40
DRAM 3.660000002128072E-4 971 40
DRAM 3.059999999095453E-4 1956 81
DRAM 3.660000002128072E-4 1934 81
DRAM 3.0500000048050424E-4 1952 81
DRAM 3.6699999964184826E-4 1004 41
DRAM 3.660000002128072E-4 949 39
DRAM 3.6699999964184826E-4 3969 167
DRAM 3.660000002128072E-4 1976 78
DRAM 3.0500000048050424E-4 1962 84
DRAM 3.0499999957100954E-4 1961 82
DRAM 3.660000002128072E-4 951 40
DRAM 3.660000002128072E-4 996 42
DRAM 4.269999999451102E-4 915 33
DRAM 3.6699999964184826E-4 959 40
DRAM 3.0500000048050424E-4 7982 337
DRAM 3.660000002128072E-4 4975 215
DRAM 3.0499999957100954E-4 923 39
DRAM 3.660000002128072E-4 3004 129
DRAM 3.6699999964184826E-4 2947 126
DRAM 5.490000003192108E-4 979 41
DRAM 6.100000000515138E-4 1975 64
DRAM 4.2799999937415123E-4 923 24
DRAM 3.0499999957100954E-4 2911 115
DRAM 3.660000002128072E-4 949 40
DRAM 3.660000002128072E-4 1945 83
DRAM 4.8799999967741314E-4 968 27
DRAM 4.8800000058690784E-4 985 26
DRAM 3.659999993033125E-4 2907 98
DRAM 3.660000002128072E-4 986 41
DRAM 3.660000002128072E-4 1931 81
DRAM 4.269999999451102E-4 981 38
DRAM 4.2800000028364593E-4 1953 82
DRAM 3.659999993033125E-4 1958 66
DRAM 4.8799999967741314E-4 3982 164
DRAM 3.0499999957100954E-4 4924 173
DRAM 4.269999999451102E-4 1001 26
DRAM 4.2800000028364593E-4 769 21
DRAM 3.659999993033125E-4 3958 143
DRAM 3.6700000055134296E-4 852 33
DRAM 3.660000002128072E-4 10971 465
DRAM 3.0499999957100954E-4 1929 81
DRAM 3.659999993033125E-4 4988 137
DRAM 3.6699999964184826E-4 1950 45
DRAM 7.930000001579174E-4 1046 21
DRAM 4.8799999967741314E-4 910 11
DRAM 4.2800000028364593E-4 985 22
DRAM 4.269999999451102E-4 965 21
DRAM 3.659999993033125E-4 2029 38
DRAM 3.6700000055134296E-4 1896 44
DRAM 3.659999993033125E-4 987 23
DRAM 6.710000006933114E-4 4945 117
DRAM 6.709999997838167E-4 1974 43
DRAM 3.0500000048050424E-4 981 22
DRAM 4.269999999451102E-4 982 22
DRAM 3.660000002128072E-4 6947 164
DRAM 3.660000002128072E-4 1988 46
DRAM 3.0500000048050424E-4 936 20
DRAM 3.0500000048050424E-4 2995 69
DRAM 3.0499999957100954E-4 1969 45
DRAM 3.6700000055134296E-4 990 22
DRAM 3.660000002128072E-4 1979 45
DRAM 3.660000002128072E-4 1966 45
DRAM 3.6700000055134296E-4 1978 45
DRAM 3.0499999957100954E-4 1929 44
DRAM 3.0499999957100954E-4 1983 45
DRAM 3.660000002128072E-4 6976 162
DRAM 3.0500000048050424E-4 989 21
DRAM 3.659999993033125E-4 940 21
DRAM 3.0500000048050424E-4 988 22
DRAM 3.0499999957100954E-4 2988 69
DRAM 3.660000002128072E-4 902 20
DRAM 3.660000002128072E-4 983 22
DRAM 3.0499999957100954E-4 991 22
DRAM 3.0499999957100954E-4 1965 45
DRAM 3.660000002128072E-4 983 22
DRAM 3.660000002128072E-4 1966 45
DRAM 3.059999999095453E-4 983 22
DRAM 3.0499999957100954E-4 2914 66
DRAM 3.059999999095453E-4 1994 46
DRAM 3.6699999964184826E-4 4987 115
DRAM 3.0499999957100954E-4 1966 45
DRAM 3.660000002128072E-4 940 21
DRAM 3.0500000048050424E-4 992 22
DRAM 8.549999993192614E-4 939 20
DRAM 7.930000001579174E-4 1994 45
DRAM 8.550000002287561E-4 912 20
DRAM 9.149999996225233E-4 1006 7
DRAM 0.001952999999957683 5012 51
DRAM 7.320000004256144E-4 837 16
DRAM 4.2800000028364593E-4 942 21
DRAM 4.269999999451102E-4 971 22
DRAM 3.6699999964184826E-4 2949 70
DRAM 4.269999999451102E-4 943 21
DRAM 3.0500000048050424E-4 997 23
DRAM 3.660000002128072E-4 4980 119
DRAM 4.269999999451102E-4 978 22
DRAM 3.6699999964184826E-4 916 21
DRAM 4.269999999451102E-4 983 22
DRAM 3.660000002128072E-4 966 22
DRAM 4.269999999451102E-4 862 18
DRAM 3.0499999957100954E-4 1955 42
DRAM 5.490000003192108E-4 1914 42
DRAM 3.0499999957100954E-4 986 23
DRAM 3.6700000055134296E-4 949 22
DRAM 4.269999999451102E-4 970 21
DRAM 3.0499999957100954E-4 992 22
DRAM 5.490000003192108E-4 978 21
DRAM 7.939999995869584E-4 6936 152
DRAM 6.100000000515138E-4 2855 49
DRAM 4.269999999451102E-4 2952 63
DRAM 3.660000002128072E-4 963 22
DRAM 4.8799999967741314E-4 1018 20
DRAM 3.0500000048050424E-4 4931 116
DRAM 4.890000000159489E-4 949 21
DRAM 3.660000002128072E-4 1973 46
DRAM 3.6699999964184826E-4 2002 47
DRAM 3.0499999957100954E-4 1968 46
DRAM 3.660000002128072E-4 995 23
DRAM 4.269999999451102E-4 973 19
DRAM 3.660000002128072E-4 1992 43
DRAM 3.0499999957100954E-4 1982 46
DRAM 3.659999993033125E-4 2976 68
DRAM 3.0499999957100954E-4 1972 46
DRAM 3.660000002128072E-4 998 22
DRAM 3.660000002128072E-4 6962 168
DRAM 3.0499999957100954E-4 950 21
DRAM 3.660000002128072E-4 982 23
DRAM 3.660000002128072E-4 6013 143
DRAM 3.660000002128072E-4 2963 58
DRAM 3.0499999957100954E-4 1955 45
DRAM 3.6699999964184826E-4 5994 143
DRAM 3.0500000048050424E-4 969 22
DRAM 4.269999999451102E-4 1015 21
DRAM 3.059999999095453E-4 2946 71
DRAM 3.660000002128072E-4 1969 46
DRAM 3.659999993033125E-4 978 22
DRAM 6.110000003900495E-4 971 23
DRAM 3.659999993033125E-4 2995 67
DRAM 3.0500000048050424E-4 929 18
DRAM 4.2800000028364593E-4 981 17
DRAM 3.0499999957100954E-4 989 20
DRAM 3.0499999957100954E-4 1969 41
DRAM 3.660000002128072E-4 993 17
DRAM 3.059999999095453E-4 958 17
DRAM 3.660000002128072E-4 3973 79
DRAM 3.059999999095453E-4 1001 17
DRAM 3.660000002128072E-4 954 19
DRAM 3.0499999957100954E-4 960 17
DRAM 3.660000002128072E-4 3983 91
DRAM 3.0499999957100954E-4 964 22
DRAM 3.660000002128072E-4 1015 23
DRAM 3.0499999957100954E-4 970 22
DRAM 3.0499999957100954E-4 2971 69
DRAM 3.0500000048050424E-4 960 22
DRAM 3.659999993033125E-4 1009 23
DRAM 3.6699999964184826E-4 1975 46
DRAM 3.0500000048050424E-4 976 22
DRAM 3.660000002128072E-4 1980 45
DRAM 3.059999999095453E-4 1950 45
DRAM 3.660000002128072E-4 983 22
DRAM 3.0499999957100954E-4 6010 140
DRAM 3.059999999095453E-4 2966 69
DRAM 3.660000002128072E-4 6012 141
DRAM 3.660000002128072E-4 2910 68
DRAM 3.660000002128072E-4 1988 47
DRAM 3.0500000048050424E-4 959 22
DRAM 3.6699999964184826E-4 3008 71
DRAM 3.0500000048050424E-4 961 22
DRAM 3.0500000048050424E-4 1970 46
DRAM 3.660000002128072E-4 1010 23
DRAM 3.660000002128072E-4 2974 70
DRAM 3.0499999957100954E-4 5939 140
DRAM 4.269999999451102E-4 994 23
DRAM 3.660000002128072E-4 8965 215
DRAM 3.0500000048050424E-4 2003 42
DRAM 3.659999993033125E-4 952 20
DRAM 3.0500000048050424E-4 976 22
DRAM 3.660000002128072E-4 4989 113
DRAM 3.659999993033125E-4 5973 135
DRAM 3.660000002128072E-4 7006 152
DRAM 3.660000002128072E-4 1924 46
DRAM 3.659999993033125E-4 1029 23
DRAM 3.659999993033125E-4 2947 68
DRAM 3.0500000048050424E-4 977 21
DRAM 3.059999999095453E-4 1964 44
DRAM 3.659999993033125E-4 1009 23
DRAM 3.0500000048050424E-4 967 21
DRAM 3.659999993033125E-4 3986 85
DRAM 3.0499999957100954E-4 1949 36
DRAM 3.660000002128072E-4 1028 20
DRAM 3.6699999964184826E-4 966 16
DRAM 3.0500000048050424E-4 1986 46
DRAM 3.660000002128072E-4 1954 45
DRAM 3.0499999957100954E-4 2970 70
DRAM 3.660000002128072E-4 3996 96
DRAM 3.660000002128072E-4 961 22
DRAM 3.660000002128072E-4 4031 86
DRAM 3.659999993033125E-4 955 17
DRAM 3.0500000048050424E-4 958 17
DRAM 3.6700000055134296E-4 1983 38
DRAM 3.0499999957100954E-4 968 19
DRAM 4.8799999967741314E-4 2007 41
DRAM 3.0500000048050424E-4 1004 22
DRAM 3.6699999964184826E-4 966 23
DRAM 3.0499999957100954E-4 968 23
DRAM 3.660000002128072E-4 1012 24
DRAM 3.660000002128072E-4 938 20
DRAM 3.0499999957100954E-4 1007 24
DRAM 3.6700000055134296E-4 968 23
DRAM 4.269999999451102E-4 1000 23
DRAM 3.0499999957100954E-4 1942 43
DRAM 3.6700000055134296E-4 1017 23
DRAM 3.0500000048050424E-4 6963 166
DRAM 3.660000002128072E-4 984 23
DRAM 6.709999997838167E-4 996 20
DRAM 0.0012209999995320686 970 22
DRAM 0.0010990000000674627 975 22
DRAM 9.15000000532018E-4 975 20
DRAM 4.890000000159489E-4 2957 51
DRAM 3.659999993033125E-4 4930 107
DRAM 3.660000002128072E-4 966 22
DRAM 3.0500000048050424E-4 1980 46
DRAM 4.2799999937415123E-4 1015 24
DRAM 5.490000003192108E-4 907 21
DRAM 4.8799999967741314E-4 975 19
DRAM 4.2800000028364593E-4 1008 19
DRAM 3.660000002128072E-4 955 19
DRAM 4.269999999451102E-4 1994 44
DRAM 4.269999999451102E-4 1935 41
DRAM 4.270000008546049E-4 966 19
DRAM 2.4399999983870657E-4 3975 88
DRAM 3.660000002128072E-4 2992 56
DRAM 3.059999999095453E-4 951 22
DRAM 4.269999999451102E-4 987 19
DRAM 3.660000002128072E-4 1025 24
DRAM 3.0499999957100954E-4 938 22
DRAM 3.0499999957100954E-4 985 23
DRAM 3.0499999957100954E-4 2992 72
DRAM 3.660000002128072E-4 970 23
DRAM 3.059999999095453E-4 7001 173
DRAM 3.660000002128072E-4 966 22
DRAM 3.0499999957100954E-4 1969 47
DRAM 3.059999999095453E-4 2005 48
DRAM 3.0500000048050424E-4 2007 45
DRAM 3.0499999957100954E-4 965 22
DRAM 3.660000002128072E-4 995 23
DRAM 3.660000002128072E-4 2967 71
DRAM 3.660000002128072E-4 6012 144
DRAM 3.660000002128072E-4 4976 118
DRAM 3.0499999957100954E-4 990 23
DRAM 4.2800000028364593E-4 979 22
DRAM 3.660000002128072E-4 1993 47
DRAM 3.6700000055134296E-4 2975 71
DRAM 3.0499999957100954E-4 963 22
DRAM 3.0500000048050424E-4 998 23
DRAM 3.660000002128072E-4 995 23
DRAM 3.0500000048050424E-4 1939 46
DRAM 3.059999999095453E-4 1007 23
DRAM 3.660000002128072E-4 1005 23
DRAM 3.659999993033125E-4 979 21
DRAM 3.0500000048050424E-4 1955 46
DRAM 3.660000002128072E-4 1986 47
DRAM 3.0499999957100954E-4 2001 47
DRAM 3.0500000048050424E-4 4975 118
DRAM 3.660000002128072E-4 994 23
DRAM 3.660000002128072E-4 2982 72
DRAM 3.0499999957100954E-4 1981 47
DRAM 3.6700000055134296E-4 989 23
DRAM 3.660000002128072E-4 1978 47
DRAM 3.0499999957100954E-4 991 23
DRAM 3.660000002128072E-4 987 23
DRAM 5.490000003192108E-4 2953 70
DRAM 3.659999993033125E-4 991 23
DRAM 3.6699999964184826E-4 1997 47
DRAM 3.659999993033125E-4 2959 70
DRAM 3.0500000048050424E-4 981 22
DRAM 3.6699999964184826E-4 993 23
DRAM 3.0500000048050424E-4 995 23
DRAM 3.0499999957100954E-4 1992 47
DRAM 4.2800000028364593E-4 989 23
DRAM 3.0500000048050424E-4 989 23
DRAM 3.0500000048050424E-4 1987 46
DRAM 3.0499999957100954E-4 955 22
DRAM 3.660000002128072E-4 992 23
DRAM 3.059999999095453E-4 1004 23
DRAM 4.269999999451102E-4 1954 46
DRAM 3.0499999957100954E-4 994 23
DRAM 3.660000002128072E-4 1003 23
DRAM 3.059999999095453E-4 953 21
DRAM 3.659999993033125E-4 1989 47
DRAM 3.660000002128072E-4 994 23
DRAM 3.660000002128072E-4 3990 96
DRAM 3.0500000048050424E-4 992 22
DRAM 3.659999993033125E-4 2972 71
DRAM 3.0500000048050424E-4 1010 23
DRAM 3.0499999957100954E-4 1992 47
DRAM 3.059999999095453E-4 918 21
DRAM 3.0499999957100954E-4 2997 71
DRAM 3.660000002128072E-4 992 23
DRAM 3.059999999095453E-4 1011 24
DRAM 3.0499999957100954E-4 2003 49
DRAM 3.6700000055134296E-4 2962 73
DRAM 3.660000002128072E-4 2990 72
DRAM 3.0499999957100954E-4 4959 120
DRAM 3.059999999095453E-4 3015 70
DRAM 3.659999993033125E-4 978 21
DRAM 3.0500000048050424E-4 988 23
DRAM 3.0600000081904E-4 2949 70
DRAM 3.659999993033125E-4 990 23
DRAM 3.0500000048050424E-4 988 23
DRAM 3.660000002128072E-4 4998 120
DRAM 3.0500000048050424E-4 1958 46
DRAM 3.6699999964184826E-4 1024 24
DRAM 3.660000002128072E-4 2976 71
DRAM 3.660000002128072E-4 4941 113
DRAM 3.660000002128072E-4 1008 23
DRAM 3.059999999095453E-4 971 23
DRAM 3.0499999957100954E-4 970 23
DRAM 3.659999993033125E-4 3005 72
DRAM 3.0600000081904E-4 983 23
DRAM 3.6699999964184826E-4 4998 123
DRAM 3.660000002128072E-4 920 20
DRAM 3.0500000048050424E-4 1005 24
DRAM 3.659999993033125E-4 1006 24
DRAM 3.059999999095453E-4 1961 47
DRAM 3.0500000048050424E-4 963 23
DRAM 3.660000002128072E-4 1044 25
DRAM 3.0499999957100954E-4 966 23
DRAM 3.660000002128072E-4 984 20
DRAM 3.059999999095453E-4 983 23
DRAM 3.660000002128072E-4 986 23
DRAM 3.6699999964184826E-4 4995 119
DRAM 3.0499999957100954E-4 2957 62
DRAM 3.660000002128072E-4 2024 47
DRAM 3.6699999964184826E-4 3964 93
DRAM 3.0500000048050424E-4 972 22
DRAM 3.659999993033125E-4 974 22
DRAM 3.0500000048050424E-4 976 22
DRAM 3.660000002128072E-4 1019 23
DRAM 3.6699999964184826E-4 954 21
DRAM 3.660000002128072E-4 2017 49
DRAM 3.0499999957100954E-4 1989 47
DRAM 3.059999999095453E-4 1965 48
DRAM 6.710000006933114E-4 3006 71
DRAM 6.720000001223525E-4 958 19
DRAM 4.269999999451102E-4 981 21
DRAM 3.660000002128072E-4 1952 44
DRAM 3.6699999964184826E-4 1005 23
DRAM 4.8800000058690784E-4 972 22
DRAM 4.8799999967741314E-4 1008 24
DRAM 7.930000001579174E-4 1956 47
DRAM 6.110000003900495E-4 978 21
DRAM 3.660000002128072E-4 1008 23
DRAM 3.0499999957100954E-4 935 20
DRAM 3.660000002128072E-4 973 22
DRAM 3.0499999957100954E-4 3021 64
DRAM 4.269999999451102E-4 1896 37
DRAM 4.2800000028364593E-4 922 18
DRAM 3.0500000048050424E-4 1024 23
DRAM 3.659999993033125E-4 929 21
DRAM 3.659999993033125E-4 5002 112
DRAM 3.059999999095453E-4 3003 69
DRAM 3.660000002128072E-4 961 20
DRAM 0.0011599999997997656 5965 124
DRAM 7.930000001579174E-4 1988 46
DRAM 6.100000000515138E-4 4022 76
DRAM 3.660000002128072E-4 3914 90
DRAM 3.660000002128072E-4 1930 45
DRAM 3.660000002128072E-4 2999 69
DRAM 3.660000002128072E-4 1010 23
DRAM 3.0499999957100954E-4 967 22
DRAM 4.8800000058690784E-4 1995 42
DRAM 3.0500000048050424E-4 3956 88
DRAM 3.659999993033125E-4 4010 95
DRAM 3.660000002128072E-4 994 24
DRAM 3.660000002128072E-4 968 41
DRAM 3.660000002128072E-4 984 41
DRAM 3.659999993033125E-4 1978 85
DRAM 3.660000002128072E-4 967 41
DRAM 3.659999993033125E-4 2017 86
DRAM 3.0500000048050424E-4 3948 170
DRAM 3.059999999095453E-4 1997 85
DRAM 3.059999999095453E-4 3980 170
DRAM 3.660000002128072E-4 996 42
DRAM 3.6699999964184826E-4 4011 173
DRAM 3.659999993033125E-4 1963 84
DRAM 3.6699999964184826E-4 2973 128
DRAM 6.709999997838167E-4 997 42
DRAM 4.8800000058690784E-4 996 42
DRAM 3.059999999095453E-4 5972 255
DRAM 4.269999999451102E-4 975 41
DRAM 3.659999993033125E-4 1983 85
DRAM 3.660000002128072E-4 965 41
DRAM 3.660000002128072E-4 2027 87
DRAM 3.0500000048050424E-4 1942 78
DRAM 3.659999993033125E-4 1036 44
DRAM 3.0499999957100954E-4 1953 84
DRAM 3.660000002128072E-4 1015 43
DRAM 3.0499999957100954E-4 945 40
DRAM 3.659999993033125E-4 3006 128
DRAM 3.6699999964184826E-4 3967 171
DRAM 4.269999999451102E-4 3023 127
DRAM 3.6700000055134296E-4 1984 85
DRAM 3.0499999957100954E-4 948 40
DRAM 3.660000002128072E-4 1022 43
DRAM 3.659999993033125E-4 1982 85
DRAM 3.6700000055134296E-4 972 41
DRAM 3.660000002128072E-4 2007 84
DRAM 3.0500000048050424E-4 966 41
DRAM 3.659999993033125E-4 1010 43
DRAM 3.6700000055134296E-4 993 42
DRAM 3.660000002128072E-4 2991 129
DRAM 3.660000002128072E-4 997 40
DRAM 3.059999999095453E-4 971 41
DRAM 3.660000002128072E-4 2997 129
DRAM 3.660000002128072E-4 970 41
DRAM 3.6699999964184826E-4 1020 43
DRAM 3.660000002128072E-4 1961 82
DRAM 3.6699999964184826E-4 2015 82
DRAM 3.660000002128072E-4 2940 126
DRAM 3.0500000048050424E-4 4995 216
DRAM 3.660000002128072E-4 985 42
DRAM 3.6699999964184826E-4 1013 41
DRAM 3.0499999957100954E-4 3992 172
DRAM 3.660000002128072E-4 1986 85
DRAM 3.660000002128072E-4 1963 82
DRAM 3.660000002128072E-4 2010 86
DRAM 3.660000002128072E-4 2982 128
DRAM 3.6699999964184826E-4 2981 126
DRAM 3.660000002128072E-4 1968 84
DRAM 3.0499999957100954E-4 994 42
DRAM 3.6699999964184826E-4 2007 86
DRAM 3.660000002128072E-4 2989 121
DRAM 4.269999999451102E-4 3993 167
DRAM 3.0500000048050424E-4 945 40
DRAM 3.6699999964184826E-4 1018 43
DRAM 3.0500000048050424E-4 2977 126
DRAM 3.0499999957100954E-4 5958 258
DRAM 3.659999993033125E-4 2995 127
DRAM 3.660000002128072E-4 1988 85
DRAM 3.0500000048050424E-4 2998 129
DRAM 3.660000002128072E-4 993 40
DRAM 3.659999993033125E-4 995 42
DRAM 3.6699999964184826E-4 1984 85
DRAM 3.660000002128072E-4 977 42
DRAM 3.659999993033125E-4 2004 88
DRAM 3.0500000048050424E-4 971 42
DRAM 4.2799999937415123E-4 994 41
DRAM 3.0500000048050424E-4 3974 174
DRAM 3.6700000055134296E-4 5997 262
DRAM 3.660000002128072E-4 1986 85
DRAM 3.659999993033125E-4 1972 85
DRAM 3.0500000048050424E-4 4982 214
DRAM 3.6699999964184826E-4 981 41
DRAM 3.0500000048050424E-4 1014 43
DRAM 3.659999993033125E-4 1991 86
DRAM 3.0500000048050424E-4 995 42
DRAM 3.659999993033125E-4 2949 124
DRAM 3.0500000048050424E-4 1006 41
DRAM 3.0500000048050424E-4 2994 129
DRAM 3.0499999957100954E-4 5971 257
DRAM 3.660000002128072E-4 1017 43
DRAM 3.0499999957100954E-4 977 41
DRAM 3.660000002128072E-4 2996 127
DRAM 3.0499999957100954E-4 1991 85
DRAM 3.660000002128072E-4 993 42
DRAM 3.659999993033125E-4 2965 124
DRAM 3.0500000048050424E-4 970 41
DRAM 3.0500000048050424E-4 1985 82
DRAM 3.660000002128072E-4 961 39
DRAM 3.0499999957100954E-4 988 42
DRAM 3.659999993033125E-4 3990 170
DRAM 3.660000002128072E-4 1021 43
DRAM 3.0500000048050424E-4 952 40
DRAM 3.6699999964184826E-4 1035 42
DRAM 3.0499999957100954E-4 1955 84
DRAM 3.660000002128072E-4 1002 43
DRAM 4.269999999451102E-4 972 39
DRAM 3.059999999095453E-4 989 42
DRAM 3.660000002128072E-4 987 42
DRAM 3.660000002128072E-4 1995 84
DRAM 3.0499999957100954E-4 991 42
DRAM 5.500000006577466E-4 975 34
DRAM 3.0499999957100954E-4 8978 386
DRAM 6.110000003900495E-4 994 27
DRAM 4.269999999451102E-4 969 28
DRAM 2.4400000074820127E-4 4893 204
DRAM 3.6699999964184826E-4 2980 126
DRAM 3.660000002128072E-4 2976 127
DRAM 3.0500000048050424E-4 3008 130
DRAM 0.0012820000001738663 4996 92
DRAM 7.319999995161197E-4 3948 84
DRAM 3.0500000048050424E-4 3963 88
DRAM 3.660000002128072E-4 3002 68
DRAM 4.8799999967741314E-4 990 20
DRAM 3.059999999095453E-4 951 22
DRAM 3.0500000048050424E-4 1987 46
DRAM 3.0499999957100954E-4 2034 48
DRAM 3.0600000081904E-4 5995 140
DRAM 3.659999993033125E-4 987 22
DRAM 3.0499999957100954E-4 1968 46
DRAM 3.660000002128072E-4 963 22
DRAM 3.6699999964184826E-4 1025 22
DRAM 3.0500000048050424E-4 1943 45
DRAM 3.659999993033125E-4 1047 24
DRAM 3.059999999095453E-4 6945 154
DRAM 3.0500000048050424E-4 1979 45
DRAM 3.6699999964184826E-4 2999 69
DRAM 3.0500000048050424E-4 1036 23
DRAM 3.660000002128072E-4 934 21
DRAM 3.0499999957100954E-4 1005 23
DRAM 3.0500000048050424E-4 964 22
DRAM 3.6699999964184826E-4 1003 22
DRAM 3.660000002128072E-4 2007 47
DRAM 3.0500000048050424E-4 961 22
DRAM 3.059999999095453E-4 2990 70
DRAM 3.660000002128072E-4 3009 70
DRAM 3.660000002128072E-4 1004 23
DRAM 3.0500000048050424E-4 3967 94
DRAM 4.2800000028364593E-4 1998 45
DRAM 3.0499999957100954E-4 999 23
DRAM 3.0500000048050424E-4 1003 23
DRAM 3.660000002128072E-4 1982 45
DRAM 3.059999999095453E-4 1002 23
DRAM 4.269999999451102E-4 966 21
DRAM 3.660000002128072E-4 1977 34
DRAM 3.659999993033125E-4 997 22
DRAM 3.059999999095453E-4 946 21
DRAM 3.0500000048050424E-4 989 22
DRAM 3.660000002128072E-4 2990 68
DRAM 3.660000002128072E-4 1991 46
DRAM 3.660000002128072E-4 1021 24
DRAM 3.0499999957100954E-4 946 22
DRAM 3.0499999957100954E-4 986 23
DRAM 3.6700000055134296E-4 1021 24
DRAM 3.660000002128072E-4 979 23
DRAM 3.0499999957100954E-4 2986 70
DRAM 3.660000002128072E-4 1032 24
DRAM 3.0500000048050424E-4 1955 47
DRAM 4.269999999451102E-4 1005 21
DRAM 3.0499999957100954E-4 986 23
DRAM 3.6699999964184826E-4 1964 47
DRAM 3.660000002128072E-4 2983 71
DRAM 3.660000002128072E-4 1022 24
DRAM 3.059999999095453E-4 999 22
DRAM 3.0499999957100954E-4 941 22
DRAM 3.660000002128072E-4 1019 24
DRAM 3.0500000048050424E-4 3966 95
DRAM 3.0500000048050424E-4 2970 70
DRAM 3.6699999964184826E-4 1032 24
DRAM 3.0499999957100954E-4 1959 46
DRAM 3.660000002128072E-4 1024 24
DRAM 3.660000002128072E-4 980 22
DRAM 3.6699999964184826E-4 979 23
DRAM 3.0500000048050424E-4 2017 48
DRAM 3.0499999957100954E-4 940 22
DRAM 3.660000002128072E-4 1993 47
DRAM 3.660000002128072E-4 1996 47
DRAM 3.0500000048050424E-4 2000 47
DRAM 3.659999993033125E-4 986 23
DRAM 3.0600000081904E-4 987 23
DRAM 3.0499999957100954E-4 979 23
DRAM 3.0499999957100954E-4 3011 72
DRAM 3.6699999964184826E-4 977 23
DRAM 3.059999999095453E-4 5016 120
DRAM 3.660000002128072E-4 978 23
DRAM 3.0500000048050424E-4 1960 47
DRAM 3.0499999957100954E-4 987 23
DRAM 3.6699999964184826E-4 2004 47
DRAM 3.0500000048050424E-4 980 23
DRAM 3.660000002128072E-4 990 23
DRAM 3.0499999957100954E-4 1020 24
DRAM 3.0500000048050424E-4 987 23
DRAM 3.660000002128072E-4 3989 95
DRAM 3.0600000081904E-4 2003 48
DRAM 3.659999993033125E-4 941 22
DRAM 3.660000002128072E-4 3021 73
DRAM 3.6699999964184826E-4 980 23
DRAM 3.0500000048050424E-4 1996 47
DRAM 3.0500000048050424E-4 1956 46
DRAM 3.660000002128072E-4 2034 49
DRAM 3.0500000048050424E-4 943 21
DRAM 3.660000002128072E-4 2007 48
DRAM 3.059999999095453E-4 1028 24
DRAM 3.660000002128072E-4 985 22
DRAM 3.0499999957100954E-4 983 23
DRAM 3.660000002128072E-4 982 23
DRAM 3.0499999957100954E-4 979 23
DRAM 4.2800000028364593E-4 999 20
DRAM 3.0499999957100954E-4 981 23
DRAM 3.0499999957100954E-4 2965 66
DRAM 3.6700000055134296E-4 1023 24
DRAM 3.660000002128072E-4 1016 24
DRAM 3.0499999957100954E-4 976 23
DRAM 3.0500000048050424E-4 954 22
DRAM 3.659999993033125E-4 982 23
DRAM 3.059999999095453E-4 1996 48
DRAM 3.660000002128072E-4 1013 23
DRAM 3.659999993033125E-4 982 23
DRAM 3.0499999957100954E-4 1998 48
DRAM 3.0499999957100954E-4 2002 48
DRAM 3.0500000048050424E-4 1996 47
DRAM 3.659999993033125E-4 979 22
DRAM 3.660000002128072E-4 1966 47
DRAM 3.0499999957100954E-4 1996 48
DRAM 6.709999997838167E-4 6986 154
DRAM 7.319999995161197E-4 6014 106
DRAM 7.940000004964531E-4 910 17
DRAM 9.149999996225233E-4 981 18
DRAM 0.0014650000002802699 974 20
DRAM 5.499999997482519E-4 2987 65
DRAM 3.660000002128072E-4 905 20
DRAM 4.8800000058690784E-4 2045 47
DRAM 3.0499999957100954E-4 939 21
DRAM 4.269999999451102E-4 4005 92
DRAM 3.6699999964184826E-4 1984 47
DRAM 3.660000002128072E-4 1990 48
DRAM 3.0500000048050424E-4 1946 46
DRAM 4.269999999451102E-4 2009 46
DRAM 3.0500000048050424E-4 1027 23
DRAM 3.0499999957100954E-4 939 22
DRAM 3.660000002128072E-4 1014 24
DRAM 5.499999997482519E-4 988 17
DRAM 3.660000002128072E-4 975 20
DRAM 3.660000002128072E-4 4004 93
DRAM 3.0499999957100954E-4 3936 93
DRAM 3.6699999964184826E-4 1006 23
DRAM 3.0499999957100954E-4 2997 71
DRAM 3.660000002128072E-4 3005 73
DRAM 3.6699999964184826E-4 3935 92
DRAM 3.660000002128072E-4 1020 23
DRAM 4.269999999451102E-4 976 21
DRAM 3.660000002128072E-4 989 23
DRAM 3.0499999957100954E-4 2000 47
DRAM 3.0500000048050424E-4 982 23
DRAM 3.660000002128072E-4 1013 24
DRAM 3.659999993033125E-4 980 22
DRAM 3.059999999095453E-4 1990 45
DRAM 3.660000002128072E-4 950 22
DRAM 3.0500000048050424E-4 5030 121
DRAM 3.0499999957100954E-4 952 21
DRAM 7.930000001579174E-4 5017 172
DRAM 0.0011599999997997656 952 39
DRAM 7.320000004256144E-4 1002 41
DRAM 7.329999998546555E-4 2980 105
DRAM 3.660000002128072E-4 2976 119
DRAM 3.0499999957100954E-4 978 40
DRAM 9.15000000532018E-4 1000 38
DRAM 4.2799999937415123E-4 954 39
DRAM 4.269999999451102E-4 2976 115
DRAM 3.0500000048050424E-4 1993 78
DRAM 3.660000002128072E-4 3018 127
DRAM 3.659999993033125E-4 1968 82
DRAM 3.0499999957100954E-4 3000 125
DRAM 3.6700000055134296E-4 973 40
DRAM 3.660000002128072E-4 977 40
DRAM 7.320000004256144E-4 1989 83
DRAM 3.660000002128072E-4 2996 124
DRAM 3.6699999964184826E-4 1017 42
DRAM 3.0500000048050424E-4 973 40
DRAM 3.0500000048050424E-4 1993 83
DRAM 3.660000002128072E-4 994 41
DRAM 3.059999999095453E-4 974 40
DRAM 3.659999993033125E-4 974 40
DRAM 4.270000008546049E-4 1028 34
DRAM 3.660000002128072E-4 1981 83
DRAM 3.660000002128072E-4 1995 83
DRAM 3.660000002128072E-4 1996 83
DRAM 3.0499999957100954E-4 2982 124
DRAM 3.660000002128072E-4 1981 83
DRAM 3.0499999957100954E-4 1001 41
DRAM 3.6700000055134296E-4 976 40
DRAM 3.0500000048050424E-4 1972 82
DRAM 3.0500000048050424E-4 1984 81
DRAM 3.0499999957100954E-4 2024 84
DRAM 3.660000002128072E-4 6972 292
DRAM 3.0499999957100954E-4 2992 125
DRAM 3.0500000048050424E-4 1989 83
DRAM 3.659999993033125E-4 969 38
DRAM 3.660000002128072E-4 3003 126
DRAM 3.0500000048050424E-4 970 40
DRAM 3.659999993033125E-4 994 41
DRAM 3.659999993033125E-4 4011 168
DRAM 3.0500000048050424E-4 1015 42
DRAM 3.660000002128072E-4 975 40
DRAM 3.059999999095453E-4 993 41
DRAM 4.890000000159489E-4 3972 164
DRAM 3.660000002128072E-4 928 38
DRAM 3.0500000048050424E-4 4019 168
DRAM 3.660000002128072E-4 2968 121
DRAM 5.490000003192108E-4 3984 167
DRAM 3.0499999957100954E-4 970 40
DRAM 4.2800000028364593E-4 1019 42
DRAM 3.0500000048050424E-4 1010 42
DRAM 3.659999993033125E-4 986 38
DRAM 3.059999999095453E-4 2971 125
DRAM 3.660000002128072E-4 2014 84
DRAM 3.0499999957100954E-4 1980 83
DRAM 3.659999993033125E-4 1958 80
DRAM 3.0500000048050424E-4 998 41
DRAM 3.659999993033125E-4 2012 84
DRAM 3.059999999095453E-4 973 40
DRAM 3.660000002128072E-4 2006 84
DRAM 3.0500000048050424E-4 3985 170
DRAM 3.660000002128072E-4 962 39
DRAM 3.660000002128072E-4 2025 87
DRAM 3.059999999095453E-4 990 42
DRAM 3.660000002128072E-4 4988 212
DRAM 3.660000002128072E-4 3962 171
DRAM 3.660000002128072E-4 1011 43
DRAM 3.059999999095453E-4 991 42
DRAM 3.660000002128072E-4 993 42
DRAM 3.660000002128072E-4 1980 85
DRAM 3.0500000048050424E-4 1013 43
DRAM 3.059999999095453E-4 949 40
DRAM 3.660000002128072E-4 2033 85
DRAM 3.659999993033125E-4 1985 85
DRAM 3.6700000055134296E-4 981 40
DRAM 3.660000002128072E-4 968 41
DRAM 3.660000002128072E-4 2005 86
DRAM 3.059999999095453E-4 1996 83
DRAM 3.659999993033125E-4 998 42
DRAM 3.0500000048050424E-4 950 40
DRAM 3.660000002128072E-4 1010 41
DRAM 4.269999999451102E-4 2973 128
DRAM 3.659999993033125E-4 2006 62
DRAM 3.0500000048050424E-4 2981 125
DRAM 4.2799999937415123E-4 4028 167
DRAM 7.320000004256144E-4 974 39
DRAM 3.660000002128072E-4 994 42
DRAM 3.660000002128072E-4 4985 214
DRAM 3.0500000048050424E-4 5974 254
DRAM 3.0500000048050424E-4 2009 86
DRAM 3.660000002128072E-4 949 38
DRAM 3.0499999957100954E-4 1015 43
DRAM 3.0500000048050424E-4 5990 259
DRAM 3.0500000048050424E-4 4014 172
DRAM 3.660000002128072E-4 975 41
DRAM 3.659999993033125E-4 1978 85
DRAM 4.8799999967741314E-4 2023 83
DRAM 3.660000002128072E-4 2987 106
DRAM 3.059999999095453E-4 3965 167
DRAM 4.269999999451102E-4 1001 41
DRAM 3.0500000048050424E-4 950 39
DRAM 3.0499999957100954E-4 1019 42
DRAM 3.6699999964184826E-4 1959 82
DRAM 3.0500000048050424E-4 1001 42
DRAM 3.659999993033125E-4 997 42
DRAM 3.660000002128072E-4 995 42
DRAM 3.0499999957100954E-4 3974 167
DRAM 3.0500000048050424E-4 1019 42
DRAM 3.659999993033125E-4 994 41
DRAM 3.6700000055134296E-4 970 40
DRAM 3.0500000048050424E-4 2975 123
DRAM 3.0499999957100954E-4 3014 126
DRAM 4.269999999451102E-4 1990 83
DRAM 3.659999993033125E-4 6009 254
DRAM 3.0600000081904E-4 947 39
DRAM 3.659999993033125E-4 1022 42
DRAM 3.0500000048050424E-4 992 41
DRAM 3.659999993033125E-4 1982 79
DRAM 3.660000002128072E-4 2969 125
DRAM 3.0499999957100954E-4 1014 42
DRAM 3.0499999957100954E-4 3950 164
DRAM 3.0499999957100954E-4 4999 210
DRAM 3.660000002128072E-4 1023 42
DRAM 3.059999999095453E-4 1956 78
DRAM 3.0499999957100954E-4 3005 126
DRAM 3.059999999095453E-4 1968 82
DRAM 3.660000002128072E-4 1023 42
DRAM 3.660000002128072E-4 1947 79
DRAM 3.660000002128072E-4 1005 41
DRAM 3.6699999964184826E-4 1022 42
DRAM 3.0500000048050424E-4 5968 248
DRAM 3.659999993033125E-4 1004 41
DRAM 3.059999999095453E-4 3987 167
DRAM 6.100000000515138E-4 957 38
DRAM 0.0013429999999061693 980 38
DRAM 9.159999999610591E-4 1988 82
DRAM 8.539999998902204E-4 976 38
DRAM 8.550000002287561E-4 983 37
DRAM 3.6699999964184826E-4 2989 124
DRAM 3.660000002128072E-4 981 40
DRAM 5.490000003192108E-4 976 40
DRAM 3.660000002128072E-4 2010 83
DRAM 3.6699999964184826E-4 955 39
DRAM 3.660000002128072E-4 1023 42
DRAM 3.6700000055134296E-4 2986 121
DRAM 3.660000002128072E-4 969 40
DRAM 3.660000002128072E-4 3003 125
DRAM 3.660000002128072E-4 1976 82
DRAM 3.059999999095453E-4 4013 168
DRAM 4.269999999451102E-4 1995 83
DRAM 3.0499999957100954E-4 949 39
DRAM 3.0500000048050424E-4 1018 42
DRAM 6.100000000515138E-4 1978 69
DRAM 4.2800000028364593E-4 2964 86
DRAM 5.489999994097161E-4 976 28
DRAM 4.269999999451102E-4 978 33
DRAM 3.660000002128072E-4 1002 41
DRAM 3.059999999095453E-4 971 40
DRAM 3.660000002128072E-4 3003 127
DRAM 3.660000002128072E-4 1009 43
DRAM 4.2800000028364593E-4 973 35
DRAM 3.0499999957100954E-4 990 42
DRAM 4.2800000028364593E-4 4000 172
DRAM 3.0500000048050424E-4 1974 84
DRAM 3.659999993033125E-4 996 40
DRAM 3.660000002128072E-4 972 41
DRAM 3.059999999095453E-4 1001 42
DRAM 4.890000000159489E-4 3979 159
DRAM 4.269999999451102E-4 868 25
DRAM 4.8800000058690784E-4 979 24
DRAM 3.6699999964184826E-4 1977 61
DRAM 3.0500000048050424E-4 1994 86
DRAM 3.659999993033125E-4 6022 262
DRAM 3.0500000048050424E-4 2977 128
DRAM 3.660000002128072E-4 981 42
DRAM 4.269999999451102E-4 4013 169
DRAM 3.660000002128072E-4 980 42
DRAM 3.0500000048050424E-4 3959 156
DRAM 3.660000002128072E-4 2018 78
DRAM 3.0499999957100954E-4 1983 84
DRAM 3.660000002128072E-4 979 40
DRAM 3.0500000048050424E-4 1027 44
DRAM 3.659999993033125E-4 955 41
DRAM 3.0500000048050424E-4 1008 43
DRAM 3.0499999957100954E-4 4003 170
DRAM 3.660000002128072E-4 992 42
DRAM 3.6699999964184826E-4 966 41
DRAM 3.0500000048050424E-4 1006 43
DRAM 3.660000002128072E-4 1001 43
DRAM 3.0499999957100954E-4 1002 41
DRAM 3.0500000048050424E-4 1964 81
DRAM 3.659999993033125E-4 989 42
DRAM 3.0500000048050424E-4 967 41
DRAM 3.6699999964184826E-4 2027 87
DRAM 3.660000002128072E-4 2002 84
DRAM 3.0499999957100954E-4 4947 215
DRAM 3.0499999957100954E-4 3008 128
DRAM 3.6700000055134296E-4 987 42
DRAM 3.0500000048050424E-4 1979 86
DRAM 3.6699999964184826E-4 2018 87
DRAM 3.0499999957100954E-4 967 41
DRAM 3.660000002128072E-4 6004 230
DRAM 3.6699999964184826E-4 2970 126
DRAM 3.6699999964184826E-4 5003 212
DRAM 3.0500000048050424E-4 986 42
DRAM 3.660000002128072E-4 6000 260
DRAM 4.269999999451102E-4 2021 29
DRAM 3.059999999095453E-4 1009 18
DRAM 3.660000002128072E-4 927 20
DRAM 3.0499999957100954E-4 992 22
DRAM 3.660000002128072E-4 1013 22
DRAM 3.0499999957100954E-4 2976 69
DRAM 3.0500000048050424E-4 982 23
DRAM 3.660000002128072E-4 1027 24
DRAM 3.0499999957100954E-4 980 22
DRAM 3.0499999957100954E-4 2009 47
DRAM 3.0500000048050424E-4 943 22
DRAM 3.660000002128072E-4 1002 23
DRAM 3.659999993033125E-4 1045 24
DRAM 3.0500000048050424E-4 938 22
DRAM 3.0500000048050424E-4 2010 47
DRAM 3.6700000055134296E-4 3970 94
DRAM 3.0499999957100954E-4 1019 22
DRAM 3.660000002128072E-4 982 23
DRAM 3.0500000048050424E-4 4983 120
DRAM 3.0500000048050424E-4 1996 47
DRAM 3.0500000048050424E-4 6973 150
DRAM 0.0010990000000674627 2014 43
DRAM 4.8799999967741314E-4 973 21
DRAM 3.0499999957100954E-4 973 22
DRAM 3.0500000048050424E-4 1952 44
DRAM 3.660000002128072E-4 4980 117
DRAM 3.660000002128072E-4 4001 94
DRAM 3.660000002128072E-4 971 23
DRAM 3.660000002128072E-4 998 21
DRAM 3.059999999095453E-4 972 23
DRAM 3.660000002128072E-4 1998 47
DRAM 3.0500000048050424E-4 1015 23
DRAM 3.0499999957100954E-4 969 23
DRAM 4.2800000028364593E-4 1009 24
DRAM 3.0499999957100954E-4 974 23
DRAM 4.269999999451102E-4 5034 116
DRAM 3.660000002128072E-4 989 22
DRAM 3.0499999957100954E-4 991 23
DRAM 3.0499999957100954E-4 4949 117
DRAM 4.269999999451102E-4 1023 22
DRAM 3.660000002128072E-4 2950 72
DRAM 3.0499999957100954E-4 1018 24
DRAM 3.6699999964184826E-4 1979 48
DRAM 3.660000002128072E-4 1015 24
DRAM 4.8799999967741314E-4 972 20
DRAM 3.660000002128072E-4 1014 24
DRAM 3.0499999957100954E-4 973 22
DRAM 3.059999999095453E-4 978 23
DRAM 3.660000002128072E-4 995 22
DRAM 3.659999993033125E-4 2018 49
DRAM 3.0500000048050424E-4 972 23
DRAM 3.0500000048050424E-4 1997 47
DRAM 3.0499999957100954E-4 2956 72
DRAM 3.660000002128072E-4 2019 49
DRAM 3.0499999957100954E-4 971 23
DRAM 3.0499999957100954E-4 2015 48
DRAM 3.0500000048050424E-4 1014 23
DRAM 3.6699999964184826E-4 974 23
DRAM 3.659999993033125E-4 1992 46
DRAM 3.0500000048050424E-4 970 23
DRAM 3.0499999957100954E-4 1014 24
DRAM 3.660000002128072E-4 1993 45
DRAM 3.0499999957100954E-4 977 23
DRAM 3.659999993033125E-4 1984 46
DRAM 3.6700000055134296E-4 1016 24
DRAM 3.0499999957100954E-4 970 22
DRAM 3.660000002128072E-4 975 23
DRAM 3.0499999957100954E-4 1001 21
DRAM 3.0499999957100954E-4 4005 97
DRAM 3.0500000048050424E-4 974 23
DRAM 3.660000002128072E-4 976 22
DRAM 3.0499999957100954E-4 2991 72
DRAM 3.660000002128072E-4 2024 48
DRAM 3.0499999957100954E-4 1004 22
DRAM 3.6699999964184826E-4 970 23
DRAM 3.660000002128072E-4 2992 72
DRAM 8.539999998902204E-4 3959 87
DRAM 7.940000004964531E-4 983 17
DRAM 3.659999993033125E-4 8006 162
DRAM 4.8800000058690784E-4 970 22
DRAM 3.0499999957100954E-4 3976 91
DRAM 3.059999999095453E-4 1961 46
DRAM 3.660000002128072E-4 1021 24
DRAM 3.660000002128072E-4 7994 189
DRAM 3.6699999964184826E-4 980 23
DRAM 3.660000002128072E-4 1015 24
DRAM 3.0499999957100954E-4 998 23
DRAM 3.0500000048050424E-4 935 22
DRAM 3.659999993033125E-4 1043 23
DRAM 3.0500000048050424E-4 981 23
DRAM 3.6699999964184826E-4 962 21
DRAM 3.0500000048050424E-4 1990 48
DRAM 3.0500000048050424E-4 1991 48
DRAM 3.0499999957100954E-4 2993 72
DRAM 3.059999999095453E-4 2988 72
DRAM 3.0499999957100954E-4 2032 49
DRAM 3.659999993033125E-4 3995 94
DRAM 4.8799999967741314E-4 4950 108
DRAM 3.0500000048050424E-4 3985 82
DRAM 3.660000002128072E-4 984 22
DRAM 3.059999999095453E-4 2002 46
DRAM 3.0499999957100954E-4 3011 70
DRAM 3.059999999095453E-4 1972 46
DRAM 5.490000003192108E-4 958 22
DRAM 7.939999995869584E-4 2064 46
DRAM 3.0500000048050424E-4 1954 45
DRAM 3.059999999095453E-4 1979 46
DRAM 3.0500000048050424E-4 996 23
DRAM 3.660000002128072E-4 956 22
DRAM 3.0499999957100954E-4 995 23
DRAM 3.0500000048050424E-4 3001 71
DRAM 3.0499999957100954E-4 997 23
DRAM 3.660000002128072E-4 1994 46
DRAM 3.6699999964184826E-4 997 23
DRAM 3.0500000048050424E-4 961 22
DRAM 3.0500000048050424E-4 2014 47
DRAM 3.659999993033125E-4 998 23
DRAM 3.0500000048050424E-4 958 22
DRAM 3.6699999964184826E-4 1023 22
DRAM 3.660000002128072E-4 2009 45
DRAM 3.0499999957100954E-4 4955 118
DRAM 3.660000002128072E-4 2004 46
DRAM 3.0499999957100954E-4 2971 70
DRAM 3.659999993033125E-4 3985 94
DRAM 3.660000002128072E-4 994 23
DRAM 3.059999999095453E-4 2992 71
DRAM 3.0499999957100954E-4 1997 47
DRAM 3.660000002128072E-4 1001 23
DRAM 3.660000002128072E-4 962 22
DRAM 3.660000002128072E-4 2039 48
DRAM 3.6699999964184826E-4 5000 119
DRAM 3.0499999957100954E-4 1937 45
DRAM 3.660000002128072E-4 996 23
DRAM 3.0499999957100954E-4 998 23
DRAM 3.6700000055134296E-4 1028 23
DRAM 3.0499999957100954E-4 958 22
DRAM 3.0499999957100954E-4 3003 71
DRAM 3.6699999964184826E-4 998 23
DRAM 3.0500000048050424E-4 1002 23
DRAM 3.0499999957100954E-4 964 22
DRAM 3.660000002128072E-4 979 21
DRAM 3.059999999095453E-4 2018 47
DRAM 3.660000002128072E-4 1003 23
DRAM 3.0499999957100954E-4 962 22
DRAM 3.660000002128072E-4 998 23
DRAM 3.0499999957100954E-4 1997 47
DRAM 4.2800000028364593E-4 988 22
DRAM 3.0499999957100954E-4 996 23
DRAM 3.660000002128072E-4 5986 143
DRAM 3.660000002128072E-4 960 22
DRAM 3.0499999957100954E-4 3004 71
DRAM 3.0499999957100954E-4 1981 46
DRAM 3.0500000048050424E-4 4983 119
DRAM 5.489999994097161E-4 2995 70
DRAM 6.110000003900495E-4 980 22
DRAM 4.269999999451102E-4 1015 23
DRAM 3.0499999957100954E-4 1010 23
DRAM 4.269999999451102E-4 2948 70
DRAM 3.660000002128072E-4 3016 71
DRAM 4.2800000028364593E-4 960 22
DRAM 3.6699999964184826E-4 4030 93
DRAM 4.269999999451102E-4 972 22
DRAM 3.660000002128072E-4 1000 23
DRAM 4.269999999451102E-4 4003 93
DRAM 4.269999999451102E-4 979 22
DRAM 3.660000002128072E-4 2942 69
DRAM 4.269999999451102E-4 1047 24
DRAM 4.2800000028364593E-4 1957 44
DRAM 3.659999993033125E-4 6991 166
DRAM 4.269999999451102E-4 978 22
DRAM 4.890000000159489E-4 1007 23
DRAM 5.490000003192108E-4 962 22
DRAM 4.8799999967741314E-4 1007 23
DRAM 7.940000004964531E-4 3991 93
DRAM 0.001036999999996624 938 20
DRAM 4.269999999451102E-4 2994 70
DRAM 4.2800000028364593E-4 2006 47
DRAM 3.660000002128072E-4 4967 118
DRAM 4.8799999967741314E-4 6023 142
DRAM 6.720000001223525E-4 969 22
DRAM 4.8799999967741314E-4 1993 46
DRAM 4.890000000159489E-4 1010 23
DRAM 6.710000006933114E-4 7958 187
DRAM 4.2799999937415123E-4 1989 46
DRAM 4.8800000058690784E-4 1996 46
DRAM 4.890000000159489E-4 1999 46
DRAM 4.8799999967741314E-4 977 22
DRAM 4.269999999451102E-4 6976 162
DRAM 4.8800000058690784E-4 1010 23
DRAM 5.489999994097161E-4 2939 69
DRAM 8.550000002287561E-4 979 22
DRAM 4.269999999451102E-4 2990 68
DRAM 3.660000002128072E-4 977 22
DRAM 3.6700000055134296E-4 2964 68
DRAM 3.660000002128072E-4 1967 46
DRAM 3.660000002128072E-4 1023 24
DRAM 3.6699999964184826E-4 2006 48
DRAM 3.059999999095453E-4 4940 117
DRAM 3.0500000048050424E-4 2031 48
DRAM 3.660000002128072E-4 1990 47
DRAM 3.660000002128072E-4 2005 47
DRAM 6.709999997838167E-4 938 19
DRAM 0.0013429999999061693 1008 21
DRAM 7.320000004256144E-4 1028 23
DRAM 8.549999993192614E-4 934 20
DRAM 7.320000004256144E-4 996 17
DRAM 9.159999999610591E-4 1031 15
DRAM 4.8799999967741314E-4 933 15
DRAM 3.6699999964184826E-4 2018 44
DRAM 5.489999994097161E-4 1960 37
DRAM 3.0500000048050424E-4 950 20
DRAM 3.660000002128072E-4 1008 23
DRAM 4.2799999937415123E-4 1015 23
DRAM 3.660000002128072E-4 971 22
DRAM 3.660000002128072E-4 2998 70
DRAM 3.059999999095453E-4 1009 23
DRAM 3.0500000048050424E-4 969 22
DRAM 3.659999993033125E-4 1007 23
DRAM 3.0500000048050424E-4 1982 46
DRAM 4.8799999967741314E-4 2989 69
DRAM 3.059999999095453E-4 1996 46
DRAM 3.660000002128072E-4 1982 46
DRAM 3.0499999957100954E-4 1012 23
DRAM 3.660000002128072E-4 961 22
DRAM 3.660000002128072E-4 2003 47
DRAM 3.0500000048050424E-4 2955 72
DRAM 3.6699999964184826E-4 1008 20
DRAM 3.0499999957100954E-4 1993 48
DRAM 3.660000002128072E-4 1993 48
DRAM 3.6699999964184826E-4 1016 24
DRAM 3.0500000048050424E-4 1985 48
DRAM 3.0499999957100954E-4 2030 46
DRAM 3.6699999964184826E-4 1967 46
DRAM 3.0500000048050424E-4 2957 72
DRAM 3.660000002128072E-4 1014 24
DRAM 3.059999999095453E-4 982 23
DRAM 3.659999993033125E-4 4015 96
DRAM 3.660000002128072E-4 1949 47
DRAM 3.0500000048050424E-4 1015 24
DRAM 3.660000002128072E-4 1989 48
DRAM 3.059999999095453E-4 1011 23
DRAM 3.660000002128072E-4 3989 96
DRAM 4.269999999451102E-4 3989 97
DRAM 3.660000002128072E-4 4002 97
DRAM 3.660000002128072E-4 1988 48
DRAM 4.8799999967741314E-4 2999 71
DRAM 3.0499999957100954E-4 1941 46
DRAM 3.059999999095453E-4 2023 49
DRAM 3.0499999957100954E-4 1955 47
DRAM 3.660000002128072E-4 1013 24
DRAM 3.0499999957100954E-4 978 23
DRAM 3.0600000081904E-4 1024 24
DRAM 5.489999994097161E-4 1041 23
DRAM 6.709999997838167E-4 4924 114
DRAM 0.001036999999996624 1974 40
DRAM 0.001037999999425665 994 22
DRAM 7.329999998546555E-4 1951 45
DRAM 7.320000004256144E-4 1032 21
DRAM 3.0499999957100954E-4 966 22
DRAM 3.660000002128072E-4 1006 23
DRAM 3.660000002128072E-4 6962 109
DRAM 3.6700000055134296E-4 972 21
DRAM 3.659999993033125E-4 1024 24
DRAM 3.660000002128072E-4 991 22
DRAM 3.660000002128072E-4 944 22
DRAM 3.660000002128072E-4 2022 44
DRAM 3.0500000048050424E-4 1984 44
DRAM 3.6699999964184826E-4 947 22
DRAM 3.660000002128072E-4 3026 72
DRAM 3.659999993033125E-4 10980 260
DRAM 3.6700000055134296E-4 1008 23
DRAM 3.0499999957100954E-4 1972 46
DRAM 3.660000002128072E-4 1011 23
DRAM 3.0499999957100954E-4 4988 119
DRAM 3.6700000055134296E-4 1995 48
DRAM 3.0499999957100954E-4 979 22
DRAM 3.659999993033125E-4 1962 47
DRAM 3.6699999964184826E-4 2004 45
DRAM 3.0499999957100954E-4 2976 72
DRAM 3.059999999095453E-4 2026 48
DRAM 3.660000002128072E-4 1013 23
DRAM 3.660000002128072E-4 979 23
DRAM 3.660000002128072E-4 5998 143
DRAM 3.0499999957100954E-4 970 22
DRAM 4.269999999451102E-4 1019 24
DRAM 3.059999999095453E-4 963 21
DRAM 3.660000002128072E-4 1020 24
DRAM 3.660000002128072E-4 1994 48
DRAM 3.059999999095453E-4 1944 46
DRAM 4.269999999451102E-4 1018 24
DRAM 3.0499999957100954E-4 976 23
DRAM 3.660000002128072E-4 992 22
DRAM 3.0500000048050424E-4 3988 96
DRAM 3.660000002128072E-4 982 23
DRAM 3.659999993033125E-4 1016 24
DRAM 3.0600000081904E-4 1018 24
DRAM 3.659999993033125E-4 986 22
DRAM 3.660000002128072E-4 1985 47
DRAM 3.6699999964184826E-4 1966 46
DRAM 3.660000002128072E-4 1007 23
DRAM 3.0500000048050424E-4 963 22
DRAM 3.660000002128072E-4 2003 47
DRAM 3.059999999095453E-4 1005 23
DRAM 3.0499999957100954E-4 3975 94
DRAM 3.6700000055134296E-4 1005 23
DRAM 3.0500000048050424E-4 3030 71
DRAM 3.659999993033125E-4 962 22
DRAM 3.660000002128072E-4 1002 23
DRAM 3.059999999095453E-4 968 22
DRAM 3.660000002128072E-4 1003 23
DRAM 3.0499999957100954E-4 1003 23
DRAM 4.270000008546049E-4 1016 23
DRAM 3.6699999964184826E-4 1966 46
DRAM 3.059999999095453E-4 4992 118
DRAM 3.660000002128072E-4 2974 69
DRAM 3.0499999957100954E-4 965 22
DRAM 3.059999999095453E-4 6008 143
DRAM 3.660000002128072E-4 1002 23
DRAM 3.660000002128072E-4 2979 71
DRAM 2.4500000017724233E-4 980 23
DRAM 3.660000002128072E-4 1019 24
DRAM 3.0499999957100954E-4 2000 47
DRAM 3.660000002128072E-4 2995 72
DRAM 3.0499999957100954E-4 964 22
DRAM 3.660000002128072E-4 1043 24
DRAM 3.0499999957100954E-4 1956 46
DRAM 3.660000002128072E-4 1983 46
DRAM 3.0499999957100954E-4 1008 23
DRAM 3.660000002128072E-4 1002 23
DRAM 3.0500000048050424E-4 963 22
DRAM 3.6699999964184826E-4 1001 23
DRAM 3.0500000048050424E-4 2962 69
DRAM 3.0499999957100954E-4 1001 23
DRAM 3.659999993033125E-4 2043 48
DRAM 3.0500000048050424E-4 2005 47
DRAM 3.0499999957100954E-4 2986 70
DRAM 3.660000002128072E-4 958 22
DRAM 4.8799999967741314E-4 1005 23
DRAM 3.0499999957100954E-4 5986 143
DRAM 3.6700000055134296E-4 961 22
DRAM 3.0499999957100954E-4 1998 47
DRAM 3.0499999957100954E-4 2026 47
DRAM 3.660000002128072E-4 1963 46
DRAM 3.659999993033125E-4 2002 47
DRAM 3.659999993033125E-4 4987 118
DRAM 7.930000001579174E-4 2996 70
DRAM 9.159999999610591E-4 2978 69
DRAM 9.76000000264321E-4 955 20
DRAM 4.269999999451102E-4 2925 67
DRAM 3.660000002128072E-4 967 22
DRAM 4.2799999937415123E-4 1020 13
DRAM 3.660000002128072E-4 2974 68
DRAM 3.0499999957100954E-4 1008 23
DRAM 4.269999999451102E-4 1970 45
DRAM 3.059999999095453E-4 2973 69
DRAM 3.659999993033125E-4 2038 47
DRAM 3.6699999964184826E-4 2969 69
DRAM 3.660000002128072E-4 947 22
DRAM 3.0499999957100954E-4 987 23
DRAM 3.660000002128072E-4 983 23
DRAM 3.660000002128072E-4 2993 69
DRAM 3.0500000048050424E-4 987 23
DRAM 3.059999999095453E-4 2991 70
DRAM 3.0499999957100954E-4 984 23
DRAM 3.0500000048050424E-4 5029 117
DRAM 3.660000002128072E-4 1964 47
DRAM 3.660000002128072E-4 982 23
DRAM 3.660000002128072E-4 1984 45
DRAM 3.0499999957100954E-4 1023 24
DRAM 3.0500000048050424E-4 3948 93
DRAM 3.659999993033125E-4 4999 118
DRAM 4.8800000058690784E-4 1022 22
DRAM 3.659999993033125E-4 1919 44
DRAM 3.660000002128072E-4 1012 23
DRAM 3.660000002128072E-4 967 21
DRAM 3.0499999957100954E-4 1013 23
DRAM 3.6700000055134296E-4 1008 23
DRAM 3.0499999957100954E-4 4002 94
DRAM 3.0500000048050424E-4 2940 70
DRAM 4.2800000028364593E-4 3024 72
DRAM 3.0499999957100954E-4 944 22
DRAM 3.0500000048050424E-4 989 23
DRAM 3.659999993033125E-4 1027 24
DRAM 3.059999999095453E-4 2008 46
DRAM 3.660000002128072E-4 1958 46
DRAM 3.0500000048050424E-4 1997 47
DRAM 3.0499999957100954E-4 1966 47
DRAM 3.660000002128072E-4 1008 22
DRAM 3.0500000048050424E-4 987 23
DRAM 3.659999993033125E-4 977 22
DRAM 3.6700000055134296E-4 981 23
DRAM 3.660000002128072E-4 1994 47
DRAM 3.0500000048050424E-4 1028 24
DRAM 3.659999993033125E-4 983 23
DRAM 3.6700000055134296E-4 1973 46
DRAM 3.0499999957100954E-4 1026 24
DRAM 3.0499999957100954E-4 943 22
DRAM 3.0500000048050424E-4 1992 47
DRAM 3.6699999964184826E-4 981 23
DRAM 6.720000001223525E-4 4080 86
DRAM 7.329999998546555E-4 7899 174
DRAM 6.709999997838167E-4 981 21
DRAM 3.0499999957100954E-4 972 22
DRAM 3.6700000055134296E-4 974 22
DRAM 3.660000002128072E-4 3012 70
DRAM 3.0499999957100954E-4 1011 23
DRAM 3.6700000055134296E-4 968 22
DRAM 3.0499999957100954E-4 967 22
DRAM 3.659999993033125E-4 3024 71
DRAM 3.659999993033125E-4 2009 47
DRAM 3.0500000048050424E-4 967 22
DRAM 3.059999999095453E-4 2984 70
DRAM 3.660000002128072E-4 3936 79
DRAM 3.660000002128072E-4 992 23
DRAM 3.0500000048050424E-4 1973 46
DRAM 3.0499999957100954E-4 3963 95
DRAM 3.6699999964184826E-4 2046 47
DRAM 3.660000002128072E-4 1945 46
DRAM 3.0499999957100954E-4 2021 48
DRAM 3.6700000055134296E-4 989 23
DRAM 3.0499999957100954E-4 990 23
DRAM 3.0500000048050424E-4 5944 138
DRAM 3.659999993033125E-4 1010 23
DRAM 3.660000002128072E-4 3020 71
DRAM 3.0500000048050424E-4 969 22
DRAM 3.659999993033125E-4 1010 23
DRAM 3.0500000048050424E-4 1011 23
DRAM 3.6699999964184826E-4 928 21
DRAM 3.0500000048050424E-4 1009 23
DRAM 3.0499999957100954E-4 4026 94
DRAM 4.270000008546049E-4 2009 47
DRAM 3.0499999957100954E-4 1952 46
DRAM 4.269999999451102E-4 1993 46
DRAM 3.660000002128072E-4 2004 47
DRAM 3.059999999095453E-4 1977 46
DRAM 3.659999993033125E-4 1012 23
DRAM 3.660000002128072E-4 1975 46
DRAM 3.0500000048050424E-4 4004 93
DRAM 3.660000002128072E-4 976 22
DRAM 3.6699999964184826E-4 1979 46
DRAM 3.660000002128072E-4 971 22
DRAM 3.0500000048050424E-4 1010 23
DRAM 3.0500000048050424E-4 2015 47
DRAM 3.059999999095453E-4 968 22
DRAM 3.660000002128072E-4 1013 23
DRAM 3.659999993033125E-4 1009 23
DRAM 3.660000002128072E-4 3939 92
DRAM 3.659999993033125E-4 6997 165
DRAM 3.0500000048050424E-4 2014 47
DRAM 3.6699999964184826E-4 959 22
DRAM 4.8799999967741314E-4 1023 22
DRAM 3.660000002128072E-4 1960 47
DRAM 3.660000002128072E-4 3999 96
DRAM 3.660000002128072E-4 4034 96
DRAM 3.0499999957100954E-4 986 23
DRAM 3.059999999095453E-4 2944 69
DRAM 3.660000002128072E-4 3013 71
DRAM 3.0499999957100954E-4 1024 24
DRAM 3.0500000048050424E-4 6989 167
DRAM 3.0499999957100954E-4 1968 47
DRAM 8.54000000799715E-4 1991 46
DRAM 7.939999995869584E-4 1010 23
DRAM 8.549999993192614E-4 1960 46
DRAM 7.320000004256144E-4 1021 22
DRAM 3.6699999964184826E-4 1977 45
DRAM 4.269999999451102E-4 978 21
DRAM 3.659999993033125E-4 2016 49
DRAM 3.0500000048050424E-4 972 23
DRAM 3.660000002128072E-4 2991 72
DRAM 4.269999999451102E-4 3982 95
DRAM 3.660000002128072E-4 3014 72
DRAM 3.0500000048050424E-4 1960 45
DRAM 3.660000002128072E-4 6978 166
DRAM 3.0500000048050424E-4 996 23
DRAM 3.6699999964184826E-4 996 23
DRAM 3.0499999957100954E-4 993 23
DRAM 3.6700000055134296E-4 4011 96
DRAM 3.0499999957100954E-4 996 23
DRAM 4.2800000028364593E-4 3995 94
DRAM 7.940000004964531E-4 3951 92
DRAM 9.76000000264321E-4 1015 21
DRAM 6.720000001223525E-4 1993 43
DRAM 5.500000006577466E-4 2942 58
DRAM 3.0499999957100954E-4 1999 47
DRAM 3.6699999964184826E-4 2982 72
DRAM 3.660000002128072E-4 961 23
DRAM 3.0499999957100954E-4 1001 23
DRAM 3.660000002128072E-4 996 21
DRAM 3.6699999964184826E-4 2019 49
DRAM 3.659999993033125E-4 1974 46
DRAM 3.0500000048050424E-4 1998 48
DRAM 3.0499999957100954E-4 2989 71
DRAM 3.660000002128072E-4 1006 24
DRAM 3.660000002128072E-4 957 22
DRAM 3.059999999095453E-4 1034 24
DRAM 3.660000002128072E-4 945 22
DRAM 3.660000002128072E-4 6030 146
DRAM 3.660000002128072E-4 1975 46
DRAM 3.0500000048050424E-4 2019 48
DRAM 3.659999993033125E-4 988 23
DRAM 3.059999999095453E-4 2952 71
DRAM 3.660000002128072E-4 3013 72
DRAM 3.0499999957100954E-4 985 23
DRAM 3.660000002128072E-4 1981 46
DRAM 3.059999999095453E-4 3977 95
DRAM 3.0499999957100954E-4 4012 95
DRAM 3.6700000055134296E-4 1007 23
DRAM 3.660000002128072E-4 2009 47
DRAM 3.0499999957100954E-4 5963 141
DRAM 3.059999999095453E-4 2011 47
DRAM 3.659999993033125E-4 1964 46
DRAM 3.0500000048050424E-4 1003 23
DRAM 3.659999993033125E-4 2957 67
DRAM 4.2800000028364593E-4 985 21
DRAM 9.15000000532018E-4 2060 38
DRAM 4.8799999967741314E-4 2944 59
DRAM 3.059999999095453E-4 2017 47
DRAM 3.660000002128072E-4 926 21
DRAM 3.0500000048050424E-4 3042 73
DRAM 3.0499999957100954E-4 1973 47
DRAM 3.0500000048050424E-4 1970 47
DRAM 3.6700000055134296E-4 2013 48
DRAM 3.660000002128072E-4 2013 48
DRAM 3.660000002128072E-4 2959 69
DRAM 3.6700000055134296E-4 1028 24
DRAM 3.0499999957100954E-4 945 22
DRAM 3.660000002128072E-4 994 23
DRAM 3.0500000048050424E-4 2021 48
DRAM 3.6699999964184826E-4 944 22
DRAM 4.269999999451102E-4 3012 71
DRAM 3.6699999964184826E-4 1991 47
DRAM 3.0500000048050424E-4 1027 24
DRAM 3.0500000048050424E-4 1972 47
DRAM 3.6699999964184826E-4 2007 46
DRAM 3.660000002128072E-4 3990 95
DRAM 3.059999999095453E-4 955 22
DRAM 3.0499999957100954E-4 993 23
DRAM 3.660000002128072E-4 1984 47
DRAM 3.0499999957100954E-4 990 23
DRAM 4.269999999451102E-4 4001 96
DRAM 4.8800000058690784E-4 3989 95
DRAM 9.76999999693362E-4 984 22
DRAM 7.320000004256144E-4 981 22
DRAM 3.0499999957100954E-4 983 23
DRAM 3.660000002128072E-4 985 23
DRAM 3.0500000048050424E-4 2016 48
DRAM 3.660000002128072E-4 1022 24
DRAM 3.0500000048050424E-4 1970 47
DRAM 3.0499999957100954E-4 2961 71
DRAM 3.6699999964184826E-4 3039 73
DRAM 3.0500000048050424E-4 986 23
DRAM 3.660000002128072E-4 2998 71
DRAM 3.059999999095453E-4 985 23
DRAM 3.660000002128072E-4 984 23
DRAM 3.659999993033125E-4 3003 72
DRAM 3.6700000055134296E-4 995 23
DRAM 3.0499999957100954E-4 1957 45
DRAM 3.660000002128072E-4 2000 48
DRAM 3.059999999095453E-4 988 23
DRAM 3.659999993033125E-4 983 23
DRAM 3.660000002128072E-4 984 23
DRAM 3.659999993033125E-4 4018 97
DRAM 3.0500000048050424E-4 987 23
DRAM 2.4399999983870657E-4 2010 46
DRAM 3.6699999964184826E-4 985 23
DRAM 4.2800000028364593E-4 5013 121
DRAM 3.660000002128072E-4 969 22
DRAM 4.269999999451102E-4 986 23
DRAM 3.0499999957100954E-4 9990 238
DRAM 3.0500000048050424E-4 1973 47
DRAM 3.6699999964184826E-4 988 23
DRAM 3.660000002128072E-4 989 23
DRAM 3.660000002128072E-4 1988 47
DRAM 3.0500000048050424E-4 989 23
DRAM 3.659999993033125E-4 2031 47
DRAM 3.660000002128072E-4 987 23
DRAM 3.0499999957100954E-4 1983 47
DRAM 3.0499999957100954E-4 1977 47
DRAM 3.660000002128072E-4 2000 48
DRAM 3.6700000055134296E-4 1983 46
DRAM 3.0499999957100954E-4 2994 72
DRAM 3.6699999964184826E-4 2002 48
DRAM 3.0500000048050424E-4 982 23
DRAM 3.659999993033125E-4 1974 46
DRAM 3.0500000048050424E-4 985 23
DRAM 3.6699999964184826E-4 985 23
DRAM 3.0499999957100954E-4 4006 97
DRAM 3.660000002128072E-4 971 22
DRAM 3.660000002128072E-4 4044 98
DRAM 3.0500000048050424E-4 942 22
DRAM 3.6699999964184826E-4 1028 24
DRAM 3.660000002128072E-4 987 23
DRAM 3.0500000048050424E-4 3007 73
DRAM 3.660000002128072E-4 2943 71
DRAM 3.0500000048050424E-4 1005 24
DRAM 3.660000002128072E-4 4029 97
DRAM 3.0500000048050424E-4 4929 119
DRAM 3.659999993033125E-4 1027 22
DRAM 3.0500000048050424E-4 1004 24
DRAM 3.6699999964184826E-4 1005 24
DRAM 3.0500000048050424E-4 966 23
DRAM 3.0500000048050424E-4 3012 73
DRAM 3.0499999957100954E-4 2953 72
DRAM 3.660000002128072E-4 1041 25
DRAM 3.660000002128072E-4 996 23
DRAM 3.0499999957100954E-4 927 22
DRAM 3.0499999957100954E-4 4009 94
DRAM 3.660000002128072E-4 3982 98
DRAM 3.6699999964184826E-4 3036 73
DRAM 3.0499999957100954E-4 2972 72
DRAM 3.0500000048050424E-4 966 23
DRAM 3.6699999964184826E-4 983 22
DRAM 3.0499999957100954E-4 2004 49
DRAM 3.660000002128072E-4 993 24
DRAM 3.660000002128072E-4 1009 23
DRAM 6.719999992128578E-4 1016 22
DRAM 6.709999997838167E-4 4957 114
DRAM 3.659999993033125E-4 1970 43
DRAM 3.0500000048050424E-4 998 23
DRAM 3.660000002128072E-4 992 23
DRAM 4.2799999937415123E-4 996 13
DRAM 3.660000002128072E-4 2968 68
DRAM 3.660000002128072E-4 989 23
DRAM 3.6699999964184826E-4 962 22
DRAM 3.0500000048050424E-4 974 21
DRAM 3.659999993033125E-4 1006 24
DRAM 3.0500000048050424E-4 967 23
DRAM 3.659999993033125E-4 5025 119
DRAM 3.0500000048050424E-4 966 22
DRAM 3.059999999095453E-4 1003 24
DRAM 3.660000002128072E-4 1006 24
DRAM 3.0499999957100954E-4 1009 23
DRAM 3.660000002128072E-4 990 23
DRAM 3.660000002128072E-4 944 22
DRAM 3.6699999964184826E-4 1007 24
DRAM 3.660000002128072E-4 2983 73
DRAM 3.660000002128072E-4 4023 98
DRAM 3.0500000048050424E-4 967 23
DRAM 3.0600000081904E-4 1985 48
DRAM 3.0500000048050424E-4 2010 49
DRAM 3.0499999957100954E-4 2009 49
DRAM 3.6699999964184826E-4 969 23
DRAM 3.660000002128072E-4 6020 145
DRAM 4.269999999451102E-4 5940 145
DRAM 3.0500000048050424E-4 1001 24
DRAM 4.269999999451102E-4 5026 120
DRAM 3.059999999095453E-4 1933 47
DRAM 3.660000002128072E-4 1000 23
DRAM 3.0500000048050424E-4 996 22
DRAM 3.659999993033125E-4 999 23
DRAM 3.0500000048050424E-4 1006 24
DRAM 3.660000002128072E-4 1991 46
DRAM 3.660000002128072E-4 1003 24
DRAM 3.0499999957100954E-4 997 23
DRAM 3.660000002128072E-4 2997 74
DRAM 3.660000002128072E-4 2973 72
DRAM 3.0499999957100954E-4 964 23
DRAM 3.660000002128072E-4 5027 125
DRAM 3.660000002128072E-4 1959 48
DRAM 3.660000002128072E-4 2006 49
DRAM 3.0500000048050424E-4 1004 24
DRAM 3.6699999964184826E-4 987 23
DRAM 3.659999993033125E-4 3988 99
DRAM 3.0600000081904E-4 996 24
DRAM 3.660000002128072E-4 1979 49
DRAM 4.8799999967741314E-4 1029 23
DRAM 3.0500000048050424E-4 948 22
DRAM 3.6699999964184826E-4 1019 24
DRAM 3.0500000048050424E-4 1965 47
DRAM 3.6700000055134296E-4 2997 72
DRAM 3.660000002128072E-4 4020 92
DRAM 3.6699999964184826E-4 990 22
DRAM 3.0499999957100954E-4 953 22
DRAM 3.660000002128072E-4 999 23
DRAM 3.660000002128072E-4 992 23
DRAM 3.0499999957100954E-4 997 23
DRAM 3.059999999095453E-4 5976 148
DRAM 3.0500000048050424E-4 2035 49
DRAM 3.659999993033125E-4 961 23
DRAM 3.059999999095453E-4 1993 49
DRAM 3.660000002128072E-4 998 23
DRAM 3.660000002128072E-4 4961 122
DRAM 3.0499999957100954E-4 1036 25
DRAM 3.0500000048050424E-4 951 23
DRAM 3.660000002128072E-4 2014 49
DRAM 3.660000002128072E-4 1978 49
DRAM 3.660000002128072E-4 1981 47
DRAM 3.660000002128072E-4 1039 25
DRAM 7.320000004256144E-4 3984 95
DRAM 4.269999999451102E-4 3957 81
DRAM 3.659999993033125E-4 1991 49
DRAM 3.0500000048050424E-4 995 24
DRAM 3.0499999957100954E-4 955 23
DRAM 3.660000002128072E-4 996 24
DRAM 3.059999999095453E-4 1024 24
DRAM 3.660000002128072E-4 3004 75
DRAM 5.490000003192108E-4 6989 168
DRAM 3.0499999957100954E-4 994 23
DRAM 3.660000002128072E-4 3975 97
DRAM 3.660000002128072E-4 3001 73
DRAM 3.0499999957100954E-4 1961 47
DRAM 3.0500000048050424E-4 995 24
DRAM 3.6699999964184826E-4 1000 24
DRAM 3.0499999957100954E-4 1983 47
DRAM 3.6699999964184826E-4 3000 73
DRAM 3.660000002128072E-4 2983 74
DRAM 3.660000002128072E-4 1980 48
DRAM 3.059999999095453E-4 996 24
DRAM 3.660000002128072E-4 1043 25
DRAM 3.659999993033125E-4 1957 48
DRAM 3.6699999964184826E-4 1959 48
DRAM 3.0500000048050424E-4 3018 75
DRAM 3.0600000081904E-4 7009 172
DRAM 3.659999993033125E-4 1001 24
DRAM 3.0500000048050424E-4 958 23
DRAM 3.660000002128072E-4 1003 24
DRAM 3.0499999957100954E-4 3981 98
DRAM 3.660000002128072E-4 997 24
DRAM 3.0500000048050424E-4 995 24
DRAM 3.6699999964184826E-4 994 24
DRAM 3.660000002128072E-4 991 24
DRAM 3.0499999957100954E-4 4972 122
DRAM 3.660000002128072E-4 1027 25
DRAM 3.660000002128072E-4 955 23
DRAM 3.0499999957100954E-4 997 24
DRAM 3.660000002128072E-4 1029 24
DRAM 3.059999999095453E-4 951 23
DRAM 3.660000002128072E-4 3042 74
DRAM 3.6699999964184826E-4 1975 48
DRAM 3.0500000048050424E-4 953 23
DRAM totals: 0.6589399999938905 1735 3485741.0 100000
