PACKAGE 0.03314200000022538 1173 27
PACKAGE 0.033629999990807846 962 22
PACKAGE 0.03375200000300538 989 22
PACKAGE 0.03070099999604281 2967 71
PACKAGE 0.032775999992736615 1987 48
PACKAGE 0.03344700000889134 1016 24
PACKAGE 0.03259299999626819 975 23
PACKAGE 0.04492200000095181 995 22
PACKAGE 0.04492099999333732 995 23
PACKAGE 0.03985600000305567 986 23
PACKAGE 0.03167699999175966 1959 47
PACKAGE 0.03479000000515953 990 23
PACKAGE 0.033020000002579764 2004 48
PACKAGE 0.03363000000535976 3004 72
PACKAGE 0.034485000011045486 1983 48
PACKAGE 0.03222599999571685 976 23
PACKAGE 0.03405800000473391 1020 24
PACKAGE 0.033263999997871 1009 24
PACKAGE 0.03356900000653695 1993 47
PACKAGE 0.032043999992311 969 23
PACKAGE 0.03295899998920504 3985 97
PACKAGE 0.03326400001242291 1014 24
PACKAGE 0.03961199999321252 2015 42
PACKAGE 0.038574999998672865 2000 48
PACKAGE 0.03155500000866596 962 20
PACKAGE 0.033203000013600104 1989 48
PACKAGE 0.033874000000650994 2037 49
PACKAGE 0.032959000003756955 979 23
PACKAGE 0.03350799999316223 2986 71
PACKAGE 0.03295899998920504 1993 48
PACKAGE 0.03173800000513438 2985 72
PACKAGE 0.034362999998847954 1023 24
PACKAGE 0.03216499999689404 981 23
PACKAGE 0.031067000003531575 1968 46
PACKAGE 0.03167700000631157 1995 48
PACKAGE 0.03259299999626819 1994 48
PACKAGE 0.03338599999551661 1015 24
PACKAGE 0.03210399999807123 983 23
PACKAGE 0.03424100000120234 1027 24
PACKAGE 0.033020000002579764 1948 47
PACKAGE 0.03454599999531638 1057 25
PACKAGE 0.03259299999626819 1940 47
PACKAGE 0.03595000000495929 3038 73
PACKAGE 0.03301999998802785 943 22
PACKAGE 0.035828000007313676 1031 24
PACKAGE 0.03405699999711942 983 23
PACKAGE 0.033997000005911104 972 22
PACKAGE 0.03289799999038223 3986 97
PACKAGE 0.03344700000889134 1008 24
PACKAGE 0.03167700000631157 4983 121
PACKAGE 0.03418000000237953 4043 99
PACKAGE 0.03356900000653695 1005 24
PACKAGE 0.03369199999724515 957 23
PACKAGE 0.03588799999852199 1032 25
PACKAGE 0.03515599999809638 1986 49
PACKAGE 0.03405800000473391 985 22
PACKAGE 0.0339349999994738 2960 73
PACKAGE 0.03424100000120234 2013 48
PACKAGE 0.036925999986124225 3029 73
PACKAGE 0.034912000002805144 5956 146
PACKAGE 0.03472900000633672 989 24
PACKAGE 0.03442399999767076 998 23
PACKAGE 0.03448400000343099 987 24
PACKAGE 0.03491199998825323 2012 50
PACKAGE 0.03533900000911672 1029 25
PACKAGE 0.033387000003131106 947 23
PACKAGE 0.03338599999551661 2010 49
PACKAGE 0.034728999991784804 1007 23
PACKAGE 0.03631599999789614 2007 49
PACKAGE 0.03369199999724515 1938 48
PACKAGE 0.034728999991784804 990 24
PACKAGE 0.035400000007939525 1025 25
PACKAGE 0.03613300000142772 1033 25
PACKAGE 0.034057000011671335 3967 100
PACKAGE 0.03509599999233615 995 24
PACKAGE 0.03350799999316223 987 23
PACKAGE 0.035828000007313676 1026 25
PACKAGE 0.0345450000022538 990 24
PACKAGE 0.03607200000260491 3998 99
PACKAGE 0.033263999997871 953 21
PACKAGE 0.033997000005911104 3019 75
PACKAGE 0.034178999994765036 992 24
PACKAGE 0.0352170000114711 3010 75
PACKAGE 0.03558399999747053 2987 73
PACKAGE 0.039489000002504326 962 22
PACKAGE 0.04779100000450853 1038 24
PACKAGE 0.03918399999383837 980 23
PACKAGE 0.03503400000045076 2976 72
PACKAGE 0.03771999999298714 1022 24
PACKAGE 0.03527900000335649 1967 47
PACKAGE 0.034302000000025146 1998 49
PACKAGE 0.03472900000633672 989 24
PACKAGE 0.034423000004608184 2007 47
PACKAGE 0.036194000000250526 3017 75
PACKAGE 0.034057999990182 7952 196
PACKAGE 0.03344700000889134 2004 49
PACKAGE 0.034362999998847954 989 24
PACKAGE 0.03442399999767076 995 24
PACKAGE 0.034667999992961995 2009 50
PACKAGE 0.03533900000911672 2997 74
PACKAGE 0.03387499999371357 993 24
PACKAGE 0.034667999992961995 1983 49
PACKAGE 0.03649900000891648 1031 25
PACKAGE 0.034667999992961995 992 24
PACKAGE 0.035828000007313676 1993 49
PACKAGE 0.036254999999073334 962 19
PACKAGE 0.03582699999969918 2014 45
PACKAGE 0.03552299999864772 979 23
PACKAGE 0.03631599999789614 6037 148
PACKAGE 0.0339349999994738 2953 72
PACKAGE 0.0360110000037821 1024 25
PACKAGE 0.033324999996693805 939 22
PACKAGE 0.034851000003982335 5012 125
PACKAGE 0.033263999997871 3981 98
PACKAGE 0.03497300000162795 2030 49
PACKAGE 0.0339349999994738 3962 96
PACKAGE 0.03595000000495929 3029 74
PACKAGE 0.03411799999594223 990 24
PACKAGE 0.034302000000025146 4006 100
PACKAGE 0.03448499999649357 989 24
PACKAGE 0.03320299999904819 951 22
PACKAGE 0.035400000007939525 4026 101
PACKAGE 0.03558300000440795 3011 75
PACKAGE 0.034851000003982335 1980 49
PACKAGE 0.03448499999649357 3971 99
PACKAGE 0.03552299999864772 3016 61
PACKAGE 0.03692600000067614 995 17
PACKAGE 0.036254999999073334 997 18
PACKAGE 0.04498299999977462 1948 44
PACKAGE 0.034851000003982335 4996 114
PACKAGE 0.03588899999158457 5016 122
PACKAGE 0.03527900000335649 1933 47
PACKAGE 0.03479000000515953 1021 22
PACKAGE 0.035521999991033226 3985 96
PACKAGE 0.03546199999982491 1021 25
PACKAGE 0.03338600001006853 988 22
PACKAGE 0.03985600000305567 1980 47
PACKAGE 0.03607200000260491 2004 48
PACKAGE 0.03692600000067614 983 23
PACKAGE 0.03704799999832176 3028 73
PACKAGE 0.034912000002805144 941 22
PACKAGE 0.03418000000237953 3038 72
PACKAGE 0.03222599999571685 961 22
PACKAGE 0.034546000009868294 4021 94
PACKAGE 0.034362999998847954 1993 48
PACKAGE 0.034362000005785376 1990 48
PACKAGE 0.03418000000237953 974 22
PACKAGE 0.0354010000010021 2024 49
PACKAGE 0.034362999998847954 974 23
PACKAGE 0.03448400000343099 982 23
PACKAGE 0.034057000011671335 4027 96
PACKAGE 0.03576700000849087 2993 72
PACKAGE 0.033324999996693805 971 23
PACKAGE 0.03466800000751391 986 24
PACKAGE 0.0346070000086911 2005 49
PACKAGE 0.03454599999531638 992 24
PACKAGE 0.03448499999649357 6003 149
PACKAGE 0.03564400000323076 1022 25
PACKAGE 0.03381400000944268 993 23
PACKAGE 0.03472900000633672 2979 74
PACKAGE 0.03381400000944268 2979 72
PACKAGE 0.03430099999241065 983 24
PACKAGE 0.0339349999994738 3009 74
PACKAGE 0.03497300000162795 1987 49
PACKAGE 0.03479000000515953 993 24
PACKAGE 0.03442399999767076 994 24
PACKAGE 0.03607200000260491 1034 25
PACKAGE 0.0360110000037821 8003 200
PACKAGE 0.03454599999531638 992 24
PACKAGE 0.03497300000162795 987 24
PACKAGE 0.036254999999073334 2997 74
PACKAGE 0.03509499999927357 2006 49
PACKAGE 0.03442399999767076 979 22
PACKAGE 0.03204299999924842 5957 143
PACKAGE 0.04437299999699462 1010 23
PACKAGE 0.03485099998943042 2979 71
PACKAGE 0.035216999996919185 1997 48
PACKAGE 0.03369199999724515 1997 48
PACKAGE 0.03552200000558514 1019 24
PACKAGE 0.03448499999649357 4016 97
PACKAGE 0.034912000002805144 992 23
PACKAGE 0.03320299999904819 944 21
PACKAGE 0.034485000011045486 3024 73
PACKAGE 0.03631599999789614 4012 97
PACKAGE 0.03460699999413919 1983 47
PACKAGE 0.03503499999351334 5986 145
PACKAGE 0.034667999992961995 3979 99
PACKAGE 0.03521800000453368 999 23
PACKAGE 0.03527799999574199 2017 50
PACKAGE 0.034667999992961995 988 24
PACKAGE 0.03375200000300538 960 23
PACKAGE 0.03607200000260491 1033 25
PACKAGE 0.03277499999967404 2966 73
PACKAGE 0.03460699999413919 8038 201
PACKAGE 0.033874000000650994 1956 47
PACKAGE 0.03539999999338761 3998 99
PACKAGE 0.03466800000751391 991 24
PACKAGE 0.033508000007714145 1985 49
PACKAGE 0.03472900000633672 3016 74
PACKAGE 0.0353389999945648 3002 75
PACKAGE 0.03405800000473391 1004 22
PACKAGE 0.03448400000343099 992 24
PACKAGE 0.03503499999351334 986 23
PACKAGE 0.03631599999789614 2019 50
PACKAGE 0.033020000002579764 942 23
PACKAGE 0.034362999998847954 6002 150
PACKAGE 0.035400000007939525 2996 75
PACKAGE 0.03460699999413919 988 24
PACKAGE 0.035644999996293336 2011 50
PACKAGE 0.03411799999594223 985 24
PACKAGE 0.036438000010093674 1022 25
PACKAGE 0.036682999998447485 3007 74
PACKAGE 0.03564400000323076 1984 49
PACKAGE 0.036254000006010756 2001 49
PACKAGE 0.035216999996919185 2998 73
PACKAGE 0.0346070000086911 989 24
PACKAGE 0.03491199998825323 993 24
PACKAGE 0.03497300000162795 3008 74
PACKAGE 0.03582699999969918 1945 47
PACKAGE 0.0354010000010021 1021 24
PACKAGE 0.03356899999198504 1972 49
PACKAGE 0.03356900000653695 1999 49
PACKAGE 0.03564400000323076 1024 25
PACKAGE 0.035216999996919185 2966 74
PACKAGE 0.035156999991158955 2011 50
PACKAGE 0.03515599999809638 3006 74
PACKAGE 0.03308100000140257 950 23
PACKAGE 0.03527799999574199 5037 121
PACKAGE 0.033324999996693805 1948 47
PACKAGE 0.0360110000037821 2000 48
PACKAGE 0.033324999996693805 1994 48
PACKAGE 0.03527799999574199 1994 48
PACKAGE 0.03607200000260491 2033 49
PACKAGE 0.03448499999649357 1993 47
PACKAGE 0.03472900000633672 978 23
PACKAGE 0.03503400000045076 7002 169
PACKAGE 0.039124000002630055 1008 21
PACKAGE 0.03558399999747053 1979 35
PACKAGE 0.03729199999361299 996 18
PACKAGE 0.03778099999180995 2958 55
PACKAGE 0.04833999999391381 4040 79
PACKAGE 0.04638600000180304 952 21
PACKAGE 0.039978000000701286 1977 46
PACKAGE 0.04162600000563543 1064 22
PACKAGE 0.03503400000045076 970 19
PACKAGE 0.03454599999531638 988 23
PACKAGE 0.034362999998847954 935 19
PACKAGE 0.034851000003982335 966 22
PACKAGE 0.03784200000518467 1029 24
PACKAGE 0.03448499999649357 982 24
PACKAGE 0.03442400001222268 8980 215
PACKAGE 0.03631599999789614 2023 45
PACKAGE 0.03533900000911672 983 19
PACKAGE 0.03588899999158457 1007 19
PACKAGE 0.036438000010093674 980 18
PACKAGE 0.04540999999153428 2952 60
PACKAGE 0.035705000002053566 6030 141
PACKAGE 0.03308100000140257 952 23
PACKAGE 0.036682999998447485 1035 25
PACKAGE 0.03796400000283029 2968 71
PACKAGE 0.03546199999982491 1019 25
PACKAGE 0.034851000003982335 1959 44
PACKAGE 0.034728999991784804 990 24
PACKAGE 0.034546000009868294 2972 73
PACKAGE 0.03454599999531638 1967 47
PACKAGE 0.034728999991784804 991 24
PACKAGE 0.035340000002179295 3045 73
PACKAGE 0.03375200000300538 1950 46
PACKAGE 0.03478999999060761 3032 75
PACKAGE 0.04657000000588596 3029 70
PACKAGE 0.03478999999060761 1935 46
PACKAGE 0.03790300000400748 1027 24
PACKAGE 0.03466800000751391 1961 47
PACKAGE 0.03564400000323076 1026 24
PACKAGE 0.035216999996919185 978 23
PACKAGE 0.03491299999586772 2008 48
PACKAGE 0.035705000002053566 1008 24
PACKAGE 0.0352170000114711 1973 49
PACKAGE 0.035216999996919185 3012 73
PACKAGE 0.03558399999747053 1993 49
PACKAGE 0.034485000011045486 996 24
PACKAGE 0.03289799999038223 954 23
PACKAGE 0.03503400000045076 2016 50
PACKAGE 0.03460699999413919 2025 50
PACKAGE 0.03338599999551661 1930 47
PACKAGE 0.03344699999433942 2003 48
PACKAGE 0.03424100000120234 2038 49
PACKAGE 0.032654000009642914 983 23
PACKAGE 0.032286999994539656 976 23
PACKAGE 0.03363099999842234 1980 47
PACKAGE 0.034057000011671335 1034 23
PACKAGE 0.03363099999842234 2983 73
PACKAGE 0.03338599999551661 1995 48
PACKAGE 0.03222600001026876 2970 72
PACKAGE 0.032653999995091 7027 172
PACKAGE 0.032470000005559996 2958 72
PACKAGE 0.03454599999531638 2024 47
PACKAGE 0.03308100000140257 1996 48
PACKAGE 0.033324999996693805 2977 72
PACKAGE 0.03350900000077672 1012 24
PACKAGE 0.03265300000202842 4974 121
PACKAGE 0.03369199999724515 1013 24
PACKAGE 0.031982000000425614 968 23
PACKAGE 0.03253199999744538 2020 49
PACKAGE 0.03369100000418257 1000 23
PACKAGE 0.03167699999175966 971 23
PACKAGE 0.03173800000513438 6992 172
PACKAGE 0.03320299999904819 1010 24
PACKAGE 0.033448000001953915 2021 49
PACKAGE 0.032775999992736615 968 22
PACKAGE 0.033936000007088296 2026 49
PACKAGE 0.032470999998622574 974 23
PACKAGE 0.03314200000022538 1950 47
PACKAGE 0.03350799999316223 1013 24
PACKAGE 0.032654000009642914 4001 97
PACKAGE 0.033020000002579764 3016 73
PACKAGE 0.033324999996693805 2983 71
PACKAGE 0.033813000001828186 1020 24
PACKAGE 0.03314200000022538 979 23
PACKAGE 0.03387500000826549 2000 48
PACKAGE 0.03271499999391381 1988 48
PACKAGE 0.03314200000022538 981 23
PACKAGE 0.03594999999040738 6017 146
PACKAGE 0.03466800000751391 4949 121
PACKAGE 0.03515599999809638 1011 24
PACKAGE 0.034728999991784804 1000 23
PACKAGE 0.034912000002805144 1989 48
PACKAGE 0.034362999998847954 2000 48
PACKAGE 0.03448499999649357 978 23
PACKAGE 0.034851000003982335 1995 48
PACKAGE 0.03503400000045076 1015 23
PACKAGE 0.03479000000515953 977 23
PACKAGE 0.033020000002579764 5005 122
PACKAGE 0.03533900000911672 2013 48
PACKAGE 0.03411900000355672 975 23
PACKAGE 0.03539999999338761 5040 124
PACKAGE 0.03283700000611134 942 23
PACKAGE 0.0360110000037821 4053 100
PACKAGE 0.03515700000571087 3983 99
PACKAGE 0.03442399999767076 989 23
PACKAGE 0.033690999989630654 980 23
PACKAGE 0.03320299999904819 2965 72
PACKAGE 0.03472900000633672 991 24
PACKAGE 0.03595000000495929 1029 25
PACKAGE 0.03442399999767076 988 23
PACKAGE 0.03472900000633672 1995 49
PACKAGE 0.035400000007939525 2987 75
PACKAGE 0.03442399999767076 5000 125
PACKAGE 0.03448499999649357 985 24
PACKAGE 0.0353389999945648 1000 24
PACKAGE 0.034912000002805144 4012 101
PACKAGE 0.03509499999927357 3001 73
PACKAGE 0.03466800000751391 991 24
PACKAGE 0.03320400000666268 1952 47
PACKAGE 0.034239999993587844 986 24
PACKAGE 0.03497300000162795 4033 99
PACKAGE 0.03527900000335649 995 24
PACKAGE 0.034239999993587844 1002 22
PACKAGE 0.03424100000120234 990 24
PACKAGE 0.034362999998847954 991 24
PACKAGE 0.034302000000025146 992 24
PACKAGE 0.03479000000515953 1973 47
PACKAGE 0.03503400000045076 993 24
PACKAGE 0.03399599999829661 987 24
PACKAGE 0.03595000000495929 1053 24
PACKAGE 0.034302000000025146 2955 74
PACKAGE 0.034851999997044913 2021 50
PACKAGE 0.03460600000107661 989 24
PACKAGE 0.04266399999323767 1971 47
PACKAGE 0.04736300000513438 993 23
PACKAGE 0.03595000000495929 2028 49
PACKAGE 0.034851000003982335 996 22
PACKAGE 0.03479000000515953 1959 47
PACKAGE 0.03466699999989942 2042 49
PACKAGE 0.034851999997044913 981 23
PACKAGE 0.034302000000025146 2966 72
PACKAGE 0.03454599999531638 986 24
PACKAGE 0.03314200000022538 4996 126
PACKAGE 0.03625500001362525 2047 51
PACKAGE 0.034851000003982335 1966 49
PACKAGE 0.03631599999789614 2003 47
PACKAGE 0.039305999991483986 970 18
PACKAGE 0.036866000009467825 1040 23
PACKAGE 0.036866000009467825 2000 45
PACKAGE 0.034362999998847954 1974 48
PACKAGE 0.03509499999927357 4969 105
PACKAGE 0.03717100000358187 1017 18
PACKAGE 0.03765900000871625 988 17
PACKAGE 0.040588000003481284 3994 86
PACKAGE 0.0360110000037821 983 23
PACKAGE 0.03497300000162795 962 22
PACKAGE 0.039489999995566905 2031 46
PACKAGE 0.03271500000846572 978 23
PACKAGE 0.03350900000077672 2001 44
PACKAGE 0.03289800000493415 968 23
PACKAGE 0.03228800000215415 4003 95
PACKAGE 0.031860999995842576 2986 70
PACKAGE 0.034362999998847954 1007 24
PACKAGE 0.03369100000418257 1004 23
PACKAGE 0.03363000000535976 1007 24
PACKAGE 0.03125 947 21
PACKAGE 0.034118999989004806 1016 24
PACKAGE 0.03234900000097696 964 23
PACKAGE 0.03295899998920504 2034 46
PACKAGE 0.03332500001124572 964 22
PACKAGE 0.03460600000107661 5015 123
PACKAGE 0.03326500000548549 1009 24
PACKAGE 0.03411799999594223 1010 24
PACKAGE 0.0339349999994738 1971 48
PACKAGE 0.03454599999531638 1006 24
PACKAGE 0.03271499999391381 2969 72
PACKAGE 0.03411900000355672 4009 96
PACKAGE 0.03246999999100808 2003 48
PACKAGE 0.03411900000355672 1006 24
PACKAGE 0.03186000000278 965 23
PACKAGE 0.035156999991158955 2013 49
PACKAGE 0.03405699999711942 1010 24
PACKAGE 0.032044000006862916 971 23
PACKAGE 0.03424100000120234 14031 338
PACKAGE 0.031982000000425614 945 21
PACKAGE 0.0339349999994738 6000 143
PACKAGE 0.034239999993587844 2038 48
PACKAGE 0.03198300000804011 956 22
PACKAGE 0.034362999998847954 997 23
PACKAGE 0.03265300000202842 964 21
PACKAGE 0.03436199999123346 4025 96
PACKAGE 0.03350900000077672 999 23
PACKAGE 0.034302000000025146 10022 240
PACKAGE 0.03369100000418257 1955 45
PACKAGE 0.03387499999371357 999 23
PACKAGE 0.03167799999937415 1994 47
PACKAGE 0.03198299999348819 1979 47
PACKAGE 0.03222600001026876 997 23
PACKAGE 0.032653999995091 1026 23
PACKAGE 0.031860999995842576 997 23
PACKAGE 0.03179900000395719 995 23
PACKAGE 0.032409999999799766 1957 46
PACKAGE 0.03240900000673719 2030 48
PACKAGE 0.032226999988779426 3998 95
PACKAGE 0.03228800000215415 2980 71
PACKAGE 0.03216599998995662 3996 95
PACKAGE 0.031128000002354383 3972 95
PACKAGE 0.03314200000022538 1034 24
PACKAGE 0.03027299999666866 951 22
PACKAGE 0.030517000006511807 3006 71
PACKAGE 0.03234900000097696 993 23
PACKAGE 0.03503400000045076 1038 24
PACKAGE 0.03234800000791438 1977 47
PACKAGE 0.03283700000611134 3008 72
PACKAGE 0.03210399999807123 990 23
PACKAGE 0.03137199999764562 990 23
PACKAGE 0.03125 952 22
PACKAGE 0.032775999992736615 1029 24
PACKAGE 0.03179900000395719 990 23
PACKAGE 0.03277499999967404 1997 47
PACKAGE 0.03143400000408292 990 23
PACKAGE 0.032286999994539656 992 23
PACKAGE 0.03155499999411404 1984 47
PACKAGE 0.033020000002579764 1024 24
PACKAGE 0.031006000004708767 989 23
PACKAGE 0.032044000006862916 4014 96
PACKAGE 0.031006000004708767 944 22
PACKAGE 0.03216499999689404 991 23
PACKAGE 0.03259200000320561 2019 48
PACKAGE 0.03289800000493415 1034 24
PACKAGE 0.03161700000055134 955 21
PACKAGE 0.03167699999175966 1001 23
PACKAGE 0.03137200001219753 3973 95
PACKAGE 0.035644999996293336 1039 24
PACKAGE 0.034851000003982335 3950 93
PACKAGE 0.0366210000065621 2038 48
PACKAGE 0.033629999990807846 955 22
PACKAGE 0.03595000000495929 2032 48
PACKAGE 0.0360110000037821 1981 46
PACKAGE 0.03588799999852199 981 23
PACKAGE 0.032347999993362464 3013 73
PACKAGE 0.03271500000846572 975 23
PACKAGE 0.03338599999551661 1015 24
PACKAGE 0.034179999987827614 1996 48
PACKAGE 0.03411799999594223 3985 97
PACKAGE 0.03308100000140257 1964 49
PACKAGE 0.03424100000120234 2027 49
PACKAGE 0.03405800000473391 989 24
PACKAGE 0.03363000000535976 1972 46
PACKAGE 0.03289800000493415 1004 24
PACKAGE 0.033813999994890764 1028 23
PACKAGE 0.03320299999904819 2017 48
PACKAGE 0.03424100000120234 2979 73
PACKAGE 0.03363099999842234 1966 46
PACKAGE 0.033997000005911104 4991 122
PACKAGE 0.03277499999967404 966 23
PACKAGE 0.032653999995091 2013 48
PACKAGE 0.033813000001828186 1005 24
PACKAGE 0.03418000000237953 1010 24
PACKAGE 0.03399599999829661 1005 21
PACKAGE 0.03332599998975638 1010 24
PACKAGE 0.03338600001006853 6964 167
PACKAGE 0.03350799999316223 1009 24
PACKAGE 0.034118999989004806 2011 49
PACKAGE 0.031982000000425614 963 22
PACKAGE 0.03418000000237953 3019 74
PACKAGE 0.039978000000701286 1979 46
PACKAGE 0.034362999998847954 1998 50
PACKAGE 0.03277600000728853 1969 46
PACKAGE 0.03350799999316223 1006 24
PACKAGE 0.03308100000140257 2975 73
PACKAGE 0.03460699999413919 1048 25
PACKAGE 0.032044000006862916 969 23
PACKAGE 0.03338599999551661 1008 23
PACKAGE 0.03424100000120234 2004 47
PACKAGE 0.03344700000889134 1959 47
PACKAGE 0.03393599999253638 3015 73
PACKAGE 0.03173800000513438 967 22
PACKAGE 0.032470999998622574 2011 48
PACKAGE 0.033813000001828186 1005 24
PACKAGE 0.03198300000804011 967 23
PACKAGE 0.03405699999711942 1005 24
PACKAGE 0.034118999989004806 2015 49
PACKAGE 0.034728999991784804 2022 48
PACKAGE 0.034362999998847954 1974 48
PACKAGE 0.03418000000237953 2001 48
PACKAGE 0.03399599999829661 1979 47
PACKAGE 0.035216999996919185 1970 45
PACKAGE 0.040404999992460944 2046 48
PACKAGE 0.032470000005559996 1961 45
PACKAGE 0.035889000006136484 1992 45
PACKAGE 0.03631599999789614 1010 19
PACKAGE 0.03527799999574199 955 18
PACKAGE 0.038086000000475906 1030 19
PACKAGE 0.03338599999551661 5955 131
PACKAGE 0.03369100000418257 971 22
PACKAGE 0.034912000002805144 1005 23
PACKAGE 0.033813000001828186 1957 45
PACKAGE 0.03442399999767076 2058 49
PACKAGE 0.032286999994539656 968 23
PACKAGE 0.03466800000751391 3013 70
PACKAGE 0.03271500000846572 1973 47
PACKAGE 0.03253199999744538 971 22
PACKAGE 0.03497300000162795 1050 25
PACKAGE 0.03283700000611134 2978 70
PACKAGE 0.03417900000931695 2001 48
PACKAGE 0.031432999996468425 947 20
PACKAGE 0.03173899999819696 2003 48
PACKAGE 0.03363000000535976 1005 24
PACKAGE 0.03387499999371357 3012 73
PACKAGE 0.03375200000300538 3016 73
PACKAGE 0.03155500000866596 4935 118
PACKAGE 0.03387399998609908 1044 23
PACKAGE 0.03405800000473391 2962 71
PACKAGE 0.03448499999649357 2019 48
PACKAGE 0.033324999996693805 1009 24
PACKAGE 0.03405699999711942 4972 121
PACKAGE 0.03369199999724515 1006 24
PACKAGE 0.032104000012623146 960 21
PACKAGE 0.03314200000022538 1008 24
PACKAGE 0.033324999996693805 998 23
PACKAGE 0.03338599999551661 2035 49
PACKAGE 0.031921000001602806 1933 46
PACKAGE 0.03295899998920504 3035 74
PACKAGE 0.033813000001828186 1004 24
PACKAGE 0.032105000005685724 959 23
PACKAGE 0.033874000000650994 2032 47
PACKAGE 0.034912000002805144 2008 49
PACKAGE 0.03228800000215415 961 21
PACKAGE 0.03338599999551661 1002 24
PACKAGE 0.03259299999626819 998 23
PACKAGE 0.033813000001828186 1004 24
PACKAGE 0.033936000007088296 1973 45
PACKAGE 0.033629999990807846 1005 24
PACKAGE 0.03186000000278 964 23
PACKAGE 0.03308100000140257 6034 148
PACKAGE 0.03308100000140257 971 23
PACKAGE 0.03356999999959953 2977 71
PACKAGE 0.034362999998847954 11011 263
PACKAGE 0.033813000001828186 997 23
PACKAGE 0.034057999990182 996 23
PACKAGE 0.03363000000535976 1001 23
PACKAGE 0.03454599999531638 1004 23
PACKAGE 0.0319220000092173 959 22
PACKAGE 0.03418000000237953 1995 47
PACKAGE 0.033263999997871 2004 46
PACKAGE 0.03356899999198504 996 23
PACKAGE 0.03375300001061987 996 23
PACKAGE 0.034546000009868294 2995 71
PACKAGE 0.03338599999551661 996 23
PACKAGE 0.03234900000097696 1996 47
PACKAGE 0.03216599998995662 1999 47
PACKAGE 0.034851000003982335 2981 72
PACKAGE 0.035521999991033226 2019 49
PACKAGE 0.034362999998847954 990 24
PACKAGE 0.034851000003982335 989 24
PACKAGE 0.036194000000250526 2008 49
PACKAGE 0.034302000000025146 983 24
PACKAGE 0.034851000003982335 991 24
PACKAGE 0.03472900000633672 2973 74
PACKAGE 0.036194000000250526 1028 25
PACKAGE 0.034302000000025146 993 24
PACKAGE 0.035644999996293336 3001 72
PACKAGE 0.034362999998847954 975 23
PACKAGE 0.03546100000676233 1011 24
PACKAGE 0.03479000000515953 987 23
PACKAGE 0.033690999989630654 984 24
PACKAGE 0.03442399999767076 2021 49
PACKAGE 0.03399599999829661 988 23
PACKAGE 0.036194000000250526 5005 125
PACKAGE 0.03314200000022538 946 22
PACKAGE 0.03472900000633672 2047 51
PACKAGE 0.03356899999198504 980 23
PACKAGE 0.03497300000162795 4973 124
PACKAGE 0.03558300000440795 1030 25
PACKAGE 0.03411900000355672 987 24
PACKAGE 0.033020000002579764 950 23
PACKAGE 0.033997000005911104 3026 75
PACKAGE 0.03442399999767076 1981 49
PACKAGE 0.035523000013199635 1020 24
PACKAGE 0.03289799999038223 951 23
PACKAGE 0.034546000009868294 1020 23
PACKAGE 0.03478999999060761 992 24
PACKAGE 0.0345450000022538 991 24
PACKAGE 0.03521799998998176 2988 75
PACKAGE 0.0358270000142511 1027 25
PACKAGE 0.03588799999852199 2003 50
PACKAGE 0.03424100000120234 1975 47
PACKAGE 0.03338599999551661 1979 49
PACKAGE 0.03576700000849087 1031 25
PACKAGE 0.03552299999864772 1979 49
PACKAGE 0.03454599999531638 1000 23
PACKAGE 0.034912000002805144 3967 98
PACKAGE 0.035889000006136484 1019 25
PACKAGE 0.03472900000633672 6983 172
PACKAGE 0.03448499999649357 986 24
PACKAGE 0.034728999991784804 2015 47
PACKAGE 0.033813000001828186 988 23
PACKAGE 0.034302000000025146 1973 49
PACKAGE 0.03546100000676233 1024 25
PACKAGE 0.03613300000142772 5010 125
PACKAGE 0.0353389999945648 1980 49
PACKAGE 0.0359489999973448 5012 126
PACKAGE 0.033997000005911104 989 23
PACKAGE 0.03375199998845346 953 23
PACKAGE 0.03588899999158457 2041 49
PACKAGE 0.03546199999982491 2008 50
PACKAGE 0.033629999990807846 946 23
PACKAGE 0.034851000003982335 1020 25
PACKAGE 0.03387500000826549 1974 49
PACKAGE 0.035095000013825484 3018 75
PACKAGE 0.03497399999469053 1021 24
PACKAGE 0.035705999995116144 1957 48
PACKAGE 0.03601000001071952 3012 72
PACKAGE 0.032409999999799766 954 23
PACKAGE 0.03607200000260491 1031 25
PACKAGE 0.03301999998802785 953 23
PACKAGE 0.033752999996067956 2023 49
PACKAGE 0.03442399999767076 1986 49
PACKAGE 0.03418000000237953 2984 72
PACKAGE 0.03399599999829661 994 24
PACKAGE 0.034546000009868294 2037 50
PACKAGE 0.03594999999040738 4990 124
PACKAGE 0.03430099999241065 4988 125
PACKAGE 0.034546000009868294 2991 75
PACKAGE 0.034118999989004806 1985 48
PACKAGE 0.03424000000813976 987 24
PACKAGE 0.03442399999767076 985 24
PACKAGE 0.03533999998762738 2009 49
PACKAGE 0.03411800001049414 984 24
PACKAGE 0.03478999999060761 983 23
PACKAGE 0.0352170000114711 3027 75
PACKAGE 0.03692600000067614 6980 154
PACKAGE 0.03613300000142772 1004 18
PACKAGE 0.04492200000095181 958 20
PACKAGE 0.04132100001152139 3015 68
PACKAGE 0.03735400000005029 3981 96
PACKAGE 0.03454599999531638 999 23
PACKAGE 0.032470999998622574 1994 46
PACKAGE 0.03448499999649357 1040 24
PACKAGE 0.034912000002805144 1937 45
PACKAGE 0.047058999989531 1015 23
PACKAGE 0.03418000000237953 7975 193
PACKAGE 0.03594999999040738 1029 24
PACKAGE 0.034546000009868294 3993 95
PACKAGE 0.03460699999413919 980 23
PACKAGE 0.03454599999531638 977 23
PACKAGE 0.03564400000323076 1027 24
PACKAGE 0.03686500000185333 976 22
PACKAGE 0.034728999991784804 1993 43
PACKAGE 0.03454599999531638 980 22
PACKAGE 0.03356900000653695 1983 48
PACKAGE 0.03454599999531638 9015 223
PACKAGE 0.03515599999809638 1031 23
PACKAGE 0.03503400000045076 2010 49
PACKAGE 0.03271499999391381 932 22
PACKAGE 0.03503400000045076 2033 48
PACKAGE 0.034546000009868294 1957 48
PACKAGE 0.03576699999393895 3017 72
PACKAGE 0.036804000003030524 2011 49
PACKAGE 0.034118999989004806 988 24
PACKAGE 0.032959000003756955 4957 122
PACKAGE 0.03295899998920504 2990 72
PACKAGE 0.03430100000696257 3025 75
PACKAGE 0.034057999990182 984 24
PACKAGE 0.03533900000911672 1022 25
PACKAGE 0.034667999992961995 983 24
PACKAGE 0.03442399999767076 2018 50
PACKAGE 0.03479000000515953 987 24
PACKAGE 0.03424100000120234 1962 48
PACKAGE 0.03460600000107661 2007 50
PACKAGE 0.035644999996293336 1022 25
PACKAGE 0.034667999992961995 995 24
PACKAGE 0.03442400001222268 987 22
PACKAGE 0.034485000011045486 2969 74
PACKAGE 0.03497300000162795 2005 49
PACKAGE 0.034912000002805144 992 24
PACKAGE 0.033813999994890764 982 23
PACKAGE 0.03497300000162795 3010 75
PACKAGE 0.03497300000162795 1980 49
PACKAGE 0.03515599999809638 2021 50
PACKAGE 0.033387000003131106 1979 48
PACKAGE 0.03588899999158457 2025 50
PACKAGE 0.033324999996693805 939 22
PACKAGE 0.034667999992961995 2013 50
PACKAGE 0.03607200000260491 3029 76
PACKAGE 0.035216999996919185 1969 48
PACKAGE 0.033936000007088296 1982 48
PACKAGE 0.03515599999809638 2006 49
PACKAGE 0.03350900000077672 1976 47
PACKAGE 0.038696000003255904 1039 24
PACKAGE 0.03472900000633672 993 24
PACKAGE 0.03308100000140257 949 21
PACKAGE 0.036254999999073334 1036 25
PACKAGE 0.03594999999040738 3006 74
PACKAGE 0.033020000002579764 946 23
PACKAGE 0.03503400000045076 2044 51
PACKAGE 0.03540099998645019 2983 74
PACKAGE 0.03479000000515953 993 24
PACKAGE 0.03497300000162795 1014 24
PACKAGE 0.03515600001264829 1987 48
PACKAGE 0.034302000000025146 991 24
PACKAGE 0.03735300000698771 3008 65
PACKAGE 0.035644999996293336 2007 34
PACKAGE 0.03686500000185333 1979 36
PACKAGE 0.03735400000005029 989 18
PACKAGE 0.03686500000185333 974 17
PACKAGE 0.03790300000400748 1016 18
PACKAGE 0.039000999997369945 3938 131
PACKAGE 0.03649900000891648 1967 79
PACKAGE 0.030457000000751577 2992 130
PACKAGE 0.03497300000162795 1022 37
PACKAGE 0.02917499998875428 967 41
PACKAGE 0.030639999997220002 2017 85
PACKAGE 0.028625999999349006 3942 173
PACKAGE 0.029479999997420236 1026 45
PACKAGE 0.031616000007488765 1004 37
PACKAGE 0.03015199999208562 992 42
PACKAGE 0.03106699998897966 1999 89
PACKAGE 0.02856400000746362 2977 131
PACKAGE 0.03021199999784585 2005 87
PACKAGE 0.02789399999892339 978 43
PACKAGE 0.02850300000864081 3000 132
PACKAGE 0.02893000000040047 1979 88
PACKAGE 0.02886999999464024 1001 44
PACKAGE 0.029968000002554618 1021 43
PACKAGE 0.028441999995266087 1990 88
PACKAGE 0.02825999999186024 978 43
PACKAGE 0.029175000003306195 2999 132
PACKAGE 0.028258999998797663 979 43
PACKAGE 0.031067000003531575 1031 37
PACKAGE 0.027710000009392388 5964 265
PACKAGE 0.027892999991308898 2003 87
PACKAGE 0.036438000010093674 1000 39
PACKAGE 0.02831999999762047 982 43
PACKAGE 0.027893000005860813 2994 131
PACKAGE 0.028624999991734512 983 43
PACKAGE 0.029602000009617768 1026 45
PACKAGE 0.028503999987151474 977 38
PACKAGE 0.028441999995266087 2006 89
PACKAGE 0.028197999999974854 1958 85
PACKAGE 0.029418999998597428 1028 45
PACKAGE 0.06854300000122748 2176 38
PACKAGE 0.028747999996994622 3789 167
PACKAGE 0.03186000000278 1006 32
PACKAGE 0.030944999991334043 1980 81
PACKAGE 0.03796400000283029 976 35
PACKAGE 0.03539999999338761 974 32
PACKAGE 0.03137200001219753 1022 44
PACKAGE 0.030150999999023043 982 42
PACKAGE 0.02880899999581743 6980 305
PACKAGE 0.03070099999604281 999 44
PACKAGE 0.02935799999977462 980 43
PACKAGE 0.029051999998046085 2001 87
PACKAGE 0.030639999997220002 5009 219
PACKAGE 0.03094500000588596 1024 45
PACKAGE 0.029663000008440576 3953 174
PACKAGE 0.030334999988554046 2003 84
PACKAGE 0.02935799999977462 2010 88
PACKAGE 0.03021199999784585 994 42
PACKAGE 0.030150999999023043 2001 89
PACKAGE 0.028686999998171814 1962 85
PACKAGE 0.02935799999977462 2012 89
PACKAGE 0.028076000002329238 983 43
PACKAGE 0.02929700000095181 1016 43
PACKAGE 0.02935799999977462 2016 89
PACKAGE 0.029845999990357086 1971 85
PACKAGE 0.028441999995266087 1980 88
PACKAGE 0.02838099999644328 2000 89
PACKAGE 0.029479999997420236 1025 45
PACKAGE 0.02777099999366328 2954 130
PACKAGE 0.029785000006086193 4017 178
PACKAGE 0.039978000000701286 4973 211
PACKAGE 0.0393680000124732 1999 77
PACKAGE 0.04162599999108352 1004 39
PACKAGE 0.030578999998397194 4005 162
PACKAGE 0.029175000003306195 2954 125
PACKAGE 0.029846000004909 1026 39
PACKAGE 0.0279549999977462 970 42
PACKAGE 0.02954100001079496 3992 172
PACKAGE 0.029784999991534278 997 43
PACKAGE 0.029540999996243045 4997 221
PACKAGE 0.028137000001152046 3983 173
PACKAGE 0.028686999998171814 991 42
PACKAGE 0.029235999987577088 3019 134
PACKAGE 0.028565000000526197 2006 89
PACKAGE 0.030090000000200234 1002 44
PACKAGE 0.029175000003306195 1003 44
PACKAGE 0.028441999995266087 4997 219
PACKAGE 0.028198999993037432 962 42
PACKAGE 0.02777099999366328 1982 88
PACKAGE 0.028502999994088896 3028 131
PACKAGE 0.028870000009192154 6993 309
PACKAGE 0.02929599999333732 3992 173
PACKAGE 0.028137000001152046 2002 88
PACKAGE 0.027404999986174516 965 42
PACKAGE 0.02886999999464024 4031 177
PACKAGE 0.027710000009392388 963 42
PACKAGE 0.02838099999644328 984 43
PACKAGE 0.029236000002129003 1025 45
PACKAGE 0.029236000002129003 1991 88
PACKAGE 0.02886900000157766 1014 44
PACKAGE 0.027771000008215196 962 42
PACKAGE 0.029601999995065853 1032 45
PACKAGE 0.027526999998372048 960 42
PACKAGE 0.029540999996243045 1021 45
PACKAGE 0.027526999998372048 960 42
PACKAGE 0.028870000009192154 3020 134
PACKAGE 0.027648999996017665 6976 308
PACKAGE 0.027953999990131706 2993 131
PACKAGE 0.029114000004483387 1030 45
PACKAGE 0.028075999987777323 1960 87
PACKAGE 0.02990700000373181 1033 45
PACKAGE 0.02850300000864081 989 42
PACKAGE 0.027648999996017665 960 42
PACKAGE 0.03167799999937415 1026 45
PACKAGE 0.028624999991734512 960 38
PACKAGE 0.02783199999248609 1991 89
PACKAGE 0.029784999991534278 5045 223
PACKAGE 0.03710900001169648 1984 83
PACKAGE 0.028564999985974282 1001 44
PACKAGE 0.028197999999974854 984 43
PACKAGE 0.02850300000864081 983 41
PACKAGE 0.027648999996017665 1984 88
PACKAGE 0.028930999993463047 1005 44
PACKAGE 0.02856400000746362 986 41
PACKAGE 0.027710000009392388 2020 89
PACKAGE 0.029418999998597428 1000 43
PACKAGE 0.028625999999349006 996 42
PACKAGE 0.02893000000040047 1005 44
PACKAGE 0.02844300000288058 984 43
PACKAGE 0.02874699998938013 1006 44
PACKAGE 0.028870000009192154 1962 85
PACKAGE 0.030639000004157424 3036 135
PACKAGE 0.027222000004258007 960 42
PACKAGE 0.027709999994840473 3993 176
PACKAGE 0.02783199999248609 1988 88
PACKAGE 0.027893000005860813 1995 87
PACKAGE 0.028565000000526197 2025 90
PACKAGE 0.027403999993111938 962 40
PACKAGE 0.028930999993463047 1018 45
PACKAGE 0.029785000006086193 3022 135
PACKAGE 0.03454599999531638 4987 196
PACKAGE 0.03747600001224782 1000 31
PACKAGE 0.03246999999100808 984 42
PACKAGE 0.029540999996243045 964 41
PACKAGE 0.030762000009417534 3020 131
PACKAGE 0.029418999998597428 2956 129
PACKAGE 0.031006000004708767 1030 45
PACKAGE 0.028565000000526197 2966 130
PACKAGE 0.030090000000200234 1001 44
PACKAGE 0.03033500000310596 1007 42
PACKAGE 0.02923499999451451 974 43
PACKAGE 0.030823000008240342 1026 45
PACKAGE 0.03021299999090843 997 42
PACKAGE 0.03076199999486562 1996 85
PACKAGE 0.028930999993463047 961 42
PACKAGE 0.030212000012397766 1010 44
PACKAGE 0.030639999997220002 5013 218
PACKAGE 0.029968000002554618 1010 44
PACKAGE 0.030333999995491467 1972 86
PACKAGE 0.03003000000899192 1017 41
PACKAGE 0.028808000002754852 1970 87
PACKAGE 0.02905300000566058 1008 44
PACKAGE 0.028625999999349006 989 43
PACKAGE 0.02734299999428913 967 42
PACKAGE 0.029663000008440576 3026 132
PACKAGE 0.028258999998797663 1009 44
PACKAGE 0.028137000001152046 983 43
PACKAGE 0.027526999998372048 3963 176
PACKAGE 0.02905300000566058 1007 44
PACKAGE 0.02886999999464024 2017 87
PACKAGE 0.03033500000310596 2976 130
PACKAGE 0.02856400000746362 2994 133
PACKAGE 0.02905300000566058 2019 89
PACKAGE 0.028686000005109236 3981 177
PACKAGE 0.028442000009818003 2999 131
PACKAGE 0.028441999995266087 986 43
PACKAGE 0.028321000005234964 1009 44
PACKAGE 0.028075999987777323 984 43
PACKAGE 0.028197999999974854 1975 87
PACKAGE 0.02911399998993147 1005 44
PACKAGE 0.02886999999464024 2012 87
PACKAGE 0.02972399999271147 3996 177
PACKAGE 0.028747000003932044 1986 88
PACKAGE 0.02844300000288058 2981 129
PACKAGE 0.029968000002554618 5003 222
PACKAGE 0.028991999992285855 1007 44
PACKAGE 0.029114000004483387 993 43
PACKAGE 0.028258999998797663 985 43
PACKAGE 0.02929700000095181 1007 44
PACKAGE 0.027710000009392388 966 42
PACKAGE 0.029175000003306195 4037 179
PACKAGE 0.02838099999644328 984 41
PACKAGE 0.028625000006286427 987 43
PACKAGE 0.028382000004057772 985 43
PACKAGE 0.02911399998993147 1011 44
PACKAGE 0.028808000002754852 1011 44
PACKAGE 0.030394999994314276 2954 127
PACKAGE 0.02996900001016911 1028 43
PACKAGE 0.027892999991308898 1971 87
PACKAGE 0.028320000012172386 3989 177
PACKAGE 0.029052999991108663 2020 86
PACKAGE 0.028197999999974854 974 43
PACKAGE 0.029236000002129003 1028 45
PACKAGE 0.029540999996243045 1966 87
PACKAGE 0.029540999996243045 1029 45
PACKAGE 0.028137000001152046 1964 87
PACKAGE 0.029418999998597428 1021 43
PACKAGE 0.027892999991308898 960 42
PACKAGE 0.02899200000683777 2005 89
PACKAGE 0.028808000002754852 985 43
PACKAGE 0.029175000003306195 2026 90
PACKAGE 0.02746599999954924 962 42
PACKAGE 0.029785000006086193 1042 44
PACKAGE 0.02929700000095181 3950 177
PACKAGE 0.036682999998447485 2003 80
PACKAGE 0.03936799999792129 2023 80
PACKAGE 0.03747599999769591 2967 122
PACKAGE 0.029601999995065853 1996 78
PACKAGE 0.03149499998835381 2019 88
PACKAGE 0.03228700000909157 977 41
PACKAGE 0.03143300001102034 10008 428
PACKAGE 0.028442000009818003 1967 85
PACKAGE 0.029724000007263385 2022 90
PACKAGE 0.029236000002129003 1970 82
PACKAGE 0.028565000000526197 1986 88
PACKAGE 0.02929700000095181 1026 45
PACKAGE 0.028747000003932044 979 41
PACKAGE 0.029173999995691702 1988 88
PACKAGE 0.028442999988328665 2978 128
PACKAGE 0.029540999996243045 2003 89
PACKAGE 0.030456000007689 1037 44
PACKAGE 0.027526999998372048 957 42
PACKAGE 0.02905300000566058 1007 44
PACKAGE 0.028441999995266087 3991 175
PACKAGE 0.029479999997420236 1989 88
PACKAGE 0.028258999998797663 986 43
PACKAGE 0.028748000011546537 2033 90
PACKAGE 0.029967999988002703 1017 35
PACKAGE 0.033020000002579764 1938 74
PACKAGE 0.03082200000062585 1024 44
PACKAGE 0.02868599999055732 8996 393
PACKAGE 0.027710000009392388 962 42
PACKAGE 0.032653999995091 1052 38
PACKAGE 0.0366210000065621 946 29
PACKAGE 0.03125 1022 41
PACKAGE 0.0319220000092173 2971 126
PACKAGE 0.03771899999992456 1011 31
PACKAGE 0.036194000000250526 937 34
PACKAGE 0.030457000000751577 1004 43
PACKAGE 0.03021199999784585 1005 43
PACKAGE 0.029785000006086193 1973 85
PACKAGE 0.028258999998797663 3006 130
PACKAGE 0.032409999999799766 3003 107
PACKAGE 0.03021199999784585 1014 38
PACKAGE 0.03076199999486562 1007 43
PACKAGE 0.02642799999739509 4949 215
PACKAGE 0.02844300000288058 1004 43
PACKAGE 0.02728199999546632 988 42
PACKAGE 0.028076999995391816 1032 44
PACKAGE 0.026428000011947006 1964 85
PACKAGE 0.028564999985974282 1034 40
PACKAGE 0.026184000002103858 959 41
PACKAGE 0.02795400000468362 1024 44
PACKAGE 0.032226999988779426 1965 84
PACKAGE 0.031739000012748875 2026 86
PACKAGE 0.029051999998046085 951 40
PACKAGE 0.03100599999015685 1038 44
PACKAGE 0.02679500001249835 5955 259
PACKAGE 0.02703800000017509 988 42
PACKAGE 0.029784999991534278 1024 40
PACKAGE 0.027587999997194856 2006 87
PACKAGE 0.027587000004132278 2994 130
PACKAGE 0.026123999996343628 962 41
PACKAGE 0.02752600000530947 1005 43
PACKAGE 0.027709999994840473 2013 83
PACKAGE 0.027222000004258007 1958 84
PACKAGE 0.03137199999764562 2038 85
PACKAGE 0.026305999999749474 958 41
PACKAGE 0.028076000002329238 1030 44
PACKAGE 0.027222000004258007 970 40
PACKAGE 0.027526999998372048 1007 43
PACKAGE 0.028258999998797663 3006 131
PACKAGE 0.027343000008841045 1985 86
PACKAGE 0.026855999996769242 982 42
PACKAGE 0.026366999998572282 1992 84
PACKAGE 0.02911399998993147 1023 44
PACKAGE 0.028197999999974854 1004 43
PACKAGE 0.027832000007038005 984 42
PACKAGE 0.026122999988729134 1966 85
PACKAGE 0.027344000001903623 1005 43
PACKAGE 0.027710000009392388 2015 85
PACKAGE 0.02783199999248609 985 42
PACKAGE 0.028625999999349006 3013 128
PACKAGE 0.028137000001152046 1955 85
PACKAGE 0.02850300000864081 989 42
PACKAGE 0.028381999989505857 2010 87
PACKAGE 0.027222000004258007 2984 128
PACKAGE 0.027893000005860813 2015 87
PACKAGE 0.026794999997946434 974 39
PACKAGE 0.027220999996643513 1008 43
PACKAGE 0.028381000010995194 2010 87
PACKAGE 0.026366999998572282 965 41
PACKAGE 0.027648999996017665 1010 43
PACKAGE 0.027038999993237667 983 42
PACKAGE 0.0353389999945648 1988 81
PACKAGE 0.029479999997420236 1025 44
PACKAGE 0.027710000009392388 961 41
PACKAGE 0.028747999996994622 1005 43
PACKAGE 0.028197999999974854 7023 305
PACKAGE 0.028260000006412156 2979 125
PACKAGE 0.028624999991734512 1001 44
PACKAGE 0.028137000001152046 1976 88
PACKAGE 0.028625000006286427 1003 44
PACKAGE 0.02850400000170339 1003 44
PACKAGE 0.02746599999954924 960 42
PACKAGE 0.029175000003306195 2043 88
PACKAGE 0.027526999998372048 2966 132
PACKAGE 0.02972399999271147 2011 89
PACKAGE 0.02917499998875428 1980 85
PACKAGE 0.028748000011546537 1002 44
PACKAGE 0.02874699998938013 972 41
PACKAGE 0.02899200000683777 1007 44
PACKAGE 0.02850400000170339 995 42
PACKAGE 0.02886999999464024 2009 89
PACKAGE 0.027343000008841045 2984 131
PACKAGE 0.028381000010995194 1985 88
PACKAGE 0.028747999996994622 997 42
PACKAGE 0.029418999998597428 1030 45
PACKAGE 0.027648999996017665 961 42
PACKAGE 0.028076000002329238 4013 177
PACKAGE 0.02850400000170339 979 43
PACKAGE 0.028137000001152046 2011 89
PACKAGE 0.027344000001903623 1984 88
PACKAGE 0.02825999999186024 2005 87
PACKAGE 0.028747999996994622 2988 133
PACKAGE 0.02819800001452677 3027 135
PACKAGE 0.02697700000135228 1955 84
PACKAGE 0.028809000010369346 996 44
PACKAGE 0.029846000004909 2024 90
PACKAGE 0.027587999997194856 952 42
PACKAGE 0.028808000002754852 1020 45
PACKAGE 0.029175000003306195 3018 133
PACKAGE 0.029601999995065853 3001 133
PACKAGE 0.028686999998171814 1953 87
PACKAGE 0.02929700000095181 1022 45
PACKAGE 0.028258999998797663 986 41
PACKAGE 0.028381000010995194 985 43
PACKAGE 0.028625999999349006 1001 44
PACKAGE 0.02886900000157766 1002 44
PACKAGE 0.028991999992285855 985 43
PACKAGE 0.028625999999349006 2002 89
PACKAGE 0.028258999998797663 2006 87
PACKAGE 0.02795400000468362 977 43
PACKAGE 0.028076000002329238 3989 176
PACKAGE 0.028808000002754852 2002 89
PACKAGE 0.02929700000095181 1001 42
PACKAGE 0.029114000004483387 1027 45
PACKAGE 0.02746599999954924 955 42
PACKAGE 0.029601999995065853 1027 45
PACKAGE 0.02777099999366328 957 42
PACKAGE 0.028990999999223277 2031 90
PACKAGE 0.03448499999649357 3980 147
PACKAGE 0.029785000006086193 985 42
PACKAGE 0.030029000001377426 1002 43
PACKAGE 0.03021299999090843 1004 44
PACKAGE 0.03515600001264829 1011 37
PACKAGE 0.02832099999068305 2965 130
PACKAGE 0.03039600000192877 1993 83
PACKAGE 0.03955099999438971 2984 125
PACKAGE 0.030578999998397194 5990 234
PACKAGE 0.03363000000535976 1032 42
PACKAGE 0.030029999994440004 971 41
PACKAGE 0.028625000006286427 1008 43
PACKAGE 0.029051999998046085 1983 83
PACKAGE 0.028991999992285855 1008 44
PACKAGE 0.027709999994840473 3963 171
PACKAGE 0.03082200000062585 2012 78
PACKAGE 0.029601999995065853 2011 89
PACKAGE 0.027892999991308898 2973 130
PACKAGE 0.029175000003306195 992 43
PACKAGE 0.02838099999644328 990 43
PACKAGE 0.028748000011546537 998 42
PACKAGE 0.02935799999977462 3012 133
PACKAGE 0.029051999998046085 988 43
PACKAGE 0.028991999992285855 1009 44
PACKAGE 0.02850300000864081 1964 87
PACKAGE 0.02850400000170339 3008 129
PACKAGE 0.029175000003306195 2016 89
PACKAGE 0.027648999996017665 3953 173
PACKAGE 0.0271610000054352 1992 88
PACKAGE 0.028441999995266087 2998 133
PACKAGE 0.029114000004483387 1007 44
PACKAGE 0.028991999992285855 1008 44
PACKAGE 0.028625000006286427 993 39
PACKAGE 0.02886999999464024 1009 44
PACKAGE 0.027344000001903623 3956 176
PACKAGE 0.029663000008440576 1025 45
PACKAGE 0.02899200000683777 1966 85
PACKAGE 0.029784999991534278 2027 90
PACKAGE 0.027526999998372048 958 42
PACKAGE 0.028870000009192154 1006 44
PACKAGE 0.029479999997420236 1020 45
PACKAGE 0.02801500000350643 983 43
PACKAGE 0.02795400000468362 1987 86
PACKAGE 0.02777099999366328 1979 88
PACKAGE 0.029479999997420236 1030 45
PACKAGE 0.027893000005860813 968 42
PACKAGE 0.02831999999762047 4012 175
PACKAGE 0.02886999999464024 2007 89
PACKAGE 0.028503999987151474 2995 133
PACKAGE 0.028381000010995194 1990 88
PACKAGE 0.029175000003306195 1007 42
PACKAGE 0.028441999995266087 2994 133
PACKAGE 0.02850400000170339 1966 87
PACKAGE 0.028868999987025745 1995 88
PACKAGE 0.02868700001272373 995 42
PACKAGE 0.029845999990357086 4012 175
PACKAGE 0.029175000003306195 1005 44
PACKAGE 0.02978599999914877 1986 88
PACKAGE 0.028441999995266087 1000 41
PACKAGE 0.028502999994088896 980 43
PACKAGE 0.028382000004057772 988 43
PACKAGE 0.02850300000864081 985 43
PACKAGE 0.02880899999581743 2029 90
PACKAGE 0.02954100001079496 1977 87
PACKAGE 0.028502999994088896 991 43
PACKAGE 0.027709999994840473 2982 132
PACKAGE 0.02990700000373181 1037 45
PACKAGE 0.028015999996569008 2964 131
PACKAGE 0.029968000002554618 6032 266
PACKAGE 0.02746599999954924 948 42
PACKAGE 0.02966299999388866 2020 85
PACKAGE 0.02886900000157766 1991 89
PACKAGE 0.028197999999974854 2995 134
PACKAGE 0.02850300000864081 1984 88
PACKAGE 0.02917499998875428 7987 354
PACKAGE 0.029724000007263385 1027 43
PACKAGE 0.02777099999366328 957 42
PACKAGE 0.029602000009617768 1027 45
PACKAGE 0.028258999998797663 982 43
PACKAGE 0.02801500000350643 2996 130
PACKAGE 0.02954100001079496 5027 222
PACKAGE 0.02880899999581743 950 40
PACKAGE 0.02929700000095181 1004 44
PACKAGE 0.027709999994840473 2983 129
PACKAGE 0.02801500000350643 2004 89
PACKAGE 0.02966299999388866 1032 45
PACKAGE 0.02990700000373181 5990 267
PACKAGE 0.027587999997194856 961 42
PACKAGE 0.029051999998046085 1011 44
PACKAGE 0.027953999990131706 1974 87
PACKAGE 0.02905300000566058 1005 44
PACKAGE 0.030333999995491467 2033 88
PACKAGE 0.02911399998993147 1981 88
PACKAGE 0.028747999996994622 2002 87
PACKAGE 0.028076999995391816 1983 88
PACKAGE 0.028258999998797663 980 43
PACKAGE 0.030090000000200234 1022 43
PACKAGE 0.02850400000170339 994 44
PACKAGE 0.027893000005860813 977 43
PACKAGE 0.02893000000040047 1022 45
PACKAGE 0.028563999992911704 1989 88
PACKAGE 0.029479999997420236 2006 89
PACKAGE 0.02831999999762047 1968 84
PACKAGE 0.02948000001197215 990 39
PACKAGE 0.03295899998920504 5022 205
PACKAGE 0.027771000008215196 949 38
PACKAGE 0.02911399998993147 1010 44
PACKAGE 0.028137000001152046 1991 88
PACKAGE 0.02929700000095181 1012 44
PACKAGE 0.028137000001152046 1969 87
PACKAGE 0.02850400000170339 5011 218
PACKAGE 0.029418999998597428 973 41
PACKAGE 0.02935799999977462 5023 222
PACKAGE 0.03076199999486562 3008 132
PACKAGE 0.028137000001152046 989 43
PACKAGE 0.029052999991108663 2988 129
PACKAGE 0.02831999999762047 4992 221
PACKAGE 0.027648999996017665 3978 175
PACKAGE 0.028321000005234964 7999 356
PACKAGE 0.029051999998046085 1004 44
PACKAGE 0.028686999998171814 2008 89
PACKAGE 0.02886999999464024 2001 89
PACKAGE 0.028076000002329238 983 43
PACKAGE 0.028625999999349006 1964 85
PACKAGE 0.02893000000040047 2031 90
PACKAGE 0.029175000003306195 1005 44
PACKAGE 0.028260000006412156 1982 88
PACKAGE 0.028258999998797663 983 43
PACKAGE 0.030029000001377426 1006 42
PACKAGE 0.028258999998797663 4968 221
PACKAGE 0.029235999987577088 2037 90
PACKAGE 0.028137000001152046 962 40
PACKAGE 0.02850400000170339 4025 179
PACKAGE 0.028382000004057772 2973 132
PACKAGE 0.029173999995691702 1004 42
PACKAGE 0.029051999998046085 5011 223
PACKAGE 0.027892999991308898 965 42
PACKAGE 0.029419000013149343 1024 45
PACKAGE 0.028747999996994622 986 41
PACKAGE 0.036254999999073334 1976 80
PACKAGE 0.03942800000368152 1995 82
PACKAGE 0.03979500000423286 1030 37
PACKAGE 0.0388189999939641 994 39
PACKAGE 0.0359489999973448 1988 68
PACKAGE 0.02966299999388866 1948 86
PACKAGE 0.03271500000846572 1016 43
PACKAGE 0.031004999997094274 980 38
PACKAGE 0.03448499999649357 2008 87
PACKAGE 0.02948000001197215 986 42
PACKAGE 0.037781000006361865 1991 62
PACKAGE 0.0388189999939641 992 35
PACKAGE 0.03210399999807123 1994 85
PACKAGE 0.03167699999175966 1994 86
PACKAGE 0.029479999997420236 4031 170
PACKAGE 0.028259000013349578 965 41
PACKAGE 0.028442999988328665 1016 43
PACKAGE 0.028747000003932044 1015 43
PACKAGE 0.027282000010018237 1955 84
PACKAGE 0.02874699998938013 2005 82
PACKAGE 0.03698800000711344 981 42
PACKAGE 0.03826899999694433 3995 170
PACKAGE 0.04656999999133404 993 38
PACKAGE 0.04467800000566058 992 41
PACKAGE 0.035766000000876375 3021 126
PACKAGE 0.026610999993863516 8945 373
PACKAGE 0.0265510000026552 2003 86
PACKAGE 0.028748000011546537 1990 85
PACKAGE 0.027343999987351708 992 42
PACKAGE 0.02850300000864081 1013 43
PACKAGE 0.027892999991308898 2970 128
PACKAGE 0.027039000007789582 988 42
PACKAGE 0.02606200000445824 2985 124
PACKAGE 0.027344000001903623 1011 43
PACKAGE 0.027098999998997897 988 42
PACKAGE 0.03021299999090843 1010 43
PACKAGE 0.03900200000498444 3014 124
PACKAGE 0.032836999991559424 1976 80
PACKAGE 0.040038999999524094 1973 85
PACKAGE 0.03839200000220444 987 39
PACKAGE 0.03875700000207871 2002 86
PACKAGE 0.03912299999501556 2000 86
PACKAGE 0.03851300000678748 4973 216
PACKAGE 0.03802499998710118 969 41
PACKAGE 0.03985600000305567 2009 86
PACKAGE 0.03857400000561029 990 42
PACKAGE 0.04095399999641813 1038 44
PACKAGE 0.039794999989680946 2975 123
PACKAGE 0.038512999992235564 1968 85
PACKAGE 0.042054000005009584 1036 44
PACKAGE 0.03924600000027567 1962 84
PACKAGE 0.03930699999909848 2988 124
PACKAGE 0.04229700000723824 1036 44
PACKAGE 0.038146999999298714 968 41
PACKAGE 0.03967299999203533 4988 215
PACKAGE 0.03833099998882972 2001 86
PACKAGE 0.03875700000207871 1009 43
PACKAGE 0.03906199999619275 3997 173
PACKAGE 0.03820800001267344 958 33
PACKAGE 0.039000999997369945 2034 88
PACKAGE 0.039000999997369945 1999 86
PACKAGE 0.04254100000252947 6980 286
PACKAGE 0.03875700000207871 1998 74
PACKAGE 0.03790300000400748 1960 84
PACKAGE 0.03863499998988118 2993 128
PACKAGE 0.040038999999524094 4002 165
PACKAGE 0.03918399999383837 1010 43
PACKAGE 0.038635000004433095 1974 84
PACKAGE 0.03088400000706315 1006 43
PACKAGE 0.02886999999464024 980 42
PACKAGE 0.027709999994840473 977 41
PACKAGE 0.02795400000468362 1011 43
PACKAGE 0.02740500000072643 978 42
PACKAGE 0.028931000008014962 4002 169
PACKAGE 0.02783199999248609 1978 85
PACKAGE 0.028870000009192154 1034 44
PACKAGE 0.02722199998970609 972 41
PACKAGE 0.028258999998797663 1979 82
PACKAGE 0.028016000011120923 1003 43
PACKAGE 0.027283000003080815 2017 87
PACKAGE 0.026610999993863516 1961 85
PACKAGE 0.028016000011120923 1006 43
PACKAGE 0.028502999994088896 1032 44
PACKAGE 0.027222000004258007 2943 123
PACKAGE 0.028747999996994622 2042 88
PACKAGE 0.02801500000350643 988 42
PACKAGE 0.02642799999739509 958 41
PACKAGE 0.02783199999248609 2040 86
PACKAGE 0.027527000012923963 987 42
PACKAGE 0.026183999987551942 4960 216
PACKAGE 0.026610999993863516 2014 85
PACKAGE 0.02783199999248609 1004 43
PACKAGE 0.026916000002529472 983 42
PACKAGE 0.02789399999892339 1008 43
PACKAGE 0.028320000012172386 986 42
PACKAGE 0.027832000007038005 3007 131
PACKAGE 0.027771000008215196 1984 84
PACKAGE 0.027038999993237667 977 42
PACKAGE 0.026671999992686324 2003 87
PACKAGE 0.028565000000526197 2031 88
PACKAGE 0.026610999993863516 960 41
PACKAGE 0.027343000008841045 2007 85
PACKAGE 0.027709999994840473 1009 43
PACKAGE 0.02856400000746362 2006 87
PACKAGE 0.027344000001903623 1981 86
PACKAGE 0.027283000003080815 2979 130
PACKAGE 0.027160999990883283 1992 86
PACKAGE 0.027832000007038005 1010 43
PACKAGE 0.027159999997820705 1990 86
PACKAGE 0.027832000007038005 2005 85
PACKAGE 0.02783199999248609 4006 175
PACKAGE 0.027771000008215196 1003 43
PACKAGE 0.02740500000072643 957 41
PACKAGE 0.029724000007263385 5999 254
PACKAGE 0.028502999994088896 2008 89
PACKAGE 0.030455999993137084 6007 265
PACKAGE 0.027344000001903623 958 42
PACKAGE 0.029602000009617768 1020 45
PACKAGE 0.02935799999977462 3003 132
PACKAGE 0.027526999998372048 1960 87
PACKAGE 0.03021199999784585 1034 45
PACKAGE 0.027526999998372048 962 42
PACKAGE 0.028809000010369346 1004 44
PACKAGE 0.02929700000095181 1005 44
PACKAGE 0.028807999988202937 3008 131
PACKAGE 0.028442999988328665 3955 175
PACKAGE 0.02948000001197215 1027 45
PACKAGE 0.02795400000468362 1963 85
PACKAGE 0.028321000005234964 2993 133
PACKAGE 0.027648999996017665 5005 221
PACKAGE 0.02972399999271147 1023 43
PACKAGE 0.030334000010043383 1003 44
PACKAGE 0.02825999999186024 984 43
PACKAGE 0.02886900000157766 1005 44
PACKAGE 0.028076000002329238 1963 87
PACKAGE 0.028930999993463047 2026 88
PACKAGE 0.028931000008014962 1000 44
PACKAGE 0.027709999994840473 960 42
PACKAGE 0.029112999996868894 1005 44
PACKAGE 0.03552299999864772 992 42
PACKAGE 0.029785000006086193 2033 85
PACKAGE 0.02886999999464024 991 41
PACKAGE 0.03900200000498444 3987 172
PACKAGE 0.03973400000541005 994 43
PACKAGE 0.039550000001327135 1019 39
PACKAGE 0.04211499998928048 954 34
PACKAGE 0.04089300001214724 1013 38
PACKAGE 0.03704799999832176 968 39
PACKAGE 0.034118999989004806 3008 99
PACKAGE 0.03143300001102034 991 13
PACKAGE 0.03399599999829661 3989 78
PACKAGE 0.03198299999348819 1964 36
PACKAGE 0.032470999998622574 3033 58
PACKAGE 0.03442399999767076 1002 24
PACKAGE 0.03344700000889134 966 22
PACKAGE 0.03424100000120234 3002 70
PACKAGE 0.03320299999904819 2000 48
PACKAGE 0.03460699999413919 1001 24
PACKAGE 0.03466800000751391 1002 24
PACKAGE 0.03271500000846572 2006 46
PACKAGE 0.03210499999113381 1944 47
PACKAGE 0.033508000007714145 1015 23
PACKAGE 0.03253199999744538 974 23
PACKAGE 0.03308100000140257 2022 48
PACKAGE 0.03179999999701977 978 22
PACKAGE 0.04040500000701286 3026 68
PACKAGE 0.033263999997871 1003 23
PACKAGE 0.03344699999433942 1002 23
PACKAGE 0.03686500000185333 2979 70
PACKAGE 0.03118900000117719 1000 23
PACKAGE 0.03027299999666866 2954 70
PACKAGE 0.03180000001157168 1002 23
PACKAGE 0.03295899998920504 1042 24
PACKAGE 0.0325320000119973 1957 46
PACKAGE 0.03204299999924842 1002 23
PACKAGE 0.03082200000062585 1970 46
PACKAGE 0.0333260000043083 1047 24
PACKAGE 0.030822999993688427 1956 46
PACKAGE 0.03240900000673719 1001 23
PACKAGE 0.032470999998622574 3014 71
PACKAGE 0.031432999996468425 5986 142
PACKAGE 0.03149400000984315 4993 119
PACKAGE 0.032653999995091 4002 94
PACKAGE 0.03149399999529123 994 23
PACKAGE 0.03131099999882281 5962 142
PACKAGE 0.030517000006511807 2010 46
PACKAGE 0.033203999992110766 1038 24
PACKAGE 0.03186100001039449 4969 118
PACKAGE 0.032347999993362464 1994 47
PACKAGE 0.030578999998397194 4986 119
PACKAGE 0.03179900000395719 992 22
PACKAGE 0.03131099999882281 1000 23
PACKAGE 0.03289800000493415 3000 71
PACKAGE 0.032836999991559424 1000 23
PACKAGE 0.03173800000513438 997 23
PACKAGE 0.030152000006637536 958 22
PACKAGE 0.03173800000513438 2017 47
PACKAGE 0.031860999995842576 998 23
PACKAGE 0.030517000006511807 2997 71
PACKAGE 0.03179999999701977 4981 119
PACKAGE 0.03173800000513438 993 23
PACKAGE 0.03228800000215415 3035 72
PACKAGE 0.030394999994314276 957 22
PACKAGE 0.03039600000192877 5001 119
PACKAGE 0.03173899999819696 2029 48
PACKAGE 0.030456000007689 952 22
PACKAGE 0.03179900000395719 3018 71
PACKAGE 0.03198299999348819 2993 71
PACKAGE 0.031982000000425614 994 23
PACKAGE 0.04339599999366328 2976 69
PACKAGE 0.03765900000871625 1042 24
PACKAGE 0.033629999990807846 955 22
PACKAGE 0.035340000002179295 1002 23
PACKAGE 0.03564400000323076 1000 23
PACKAGE 0.0346070000086911 996 23
PACKAGE 0.03405800000473391 2007 47
PACKAGE 0.03240899999218527 973 23
PACKAGE 0.03393599999253638 3033 73
PACKAGE 0.03216600000450853 972 23
PACKAGE 0.03338599999551661 2015 47
PACKAGE 0.032775999992736615 972 22
PACKAGE 0.032409999999799766 2985 72
PACKAGE 0.03289800000493415 999 22
PACKAGE 0.03308100000140257 1013 24
PACKAGE 0.034178999994765036 1014 24
PACKAGE 0.03173899999819696 963 22
PACKAGE 0.03247100001317449 1996 47
PACKAGE 0.03356900000653695 2018 48
PACKAGE 0.032653999995091 1983 47
PACKAGE 0.03253199999744538 1973 47
PACKAGE 0.033997000005911104 2042 47
PACKAGE 0.03356900000653695 7974 194
PACKAGE 0.03356999999959953 1010 24
PACKAGE 0.032409999999799766 2947 71
PACKAGE 0.03125 1983 48
PACKAGE 0.03356899999198504 1018 23
PACKAGE 0.033874000000650994 1010 24
PACKAGE 0.0339349999994738 1980 48
PACKAGE 0.03253199999744538 1008 23
PACKAGE 0.03222600001026876 967 23
PACKAGE 0.032836999991559424 990 23
PACKAGE 0.042419999997946434 1010 23
PACKAGE 0.04449400000157766 1005 22
PACKAGE 0.039489999995566905 1006 23
PACKAGE 0.03424100000120234 999 23
PACKAGE 0.03527800001029391 3988 95
PACKAGE 0.034728999991784804 1003 23
PACKAGE 0.03289799999038223 1993 47
PACKAGE 0.03308100000140257 996 23
PACKAGE 0.031982000000425614 5985 144
PACKAGE 0.033448000001953915 1014 24
PACKAGE 0.03106699998897966 2967 71
PACKAGE 0.03277600000728853 969 23
PACKAGE 0.033813000001828186 2062 50
PACKAGE 0.03350799999316223 11997 290
PACKAGE 0.03180000001157168 957 21
PACKAGE 0.03283700000611134 1975 48
PACKAGE 0.033324999996693805 3034 73
PACKAGE 0.03216499999689404 971 23
PACKAGE 0.03405800000473391 1013 24
PACKAGE 0.03277600000728853 1001 23
PACKAGE 0.032836999991559424 979 23
PACKAGE 0.03289800000493415 976 23
PACKAGE 0.033813000001828186 2024 48
PACKAGE 0.03369199999724515 1011 24
PACKAGE 0.03613300000142772 1985 47
PACKAGE 0.0346070000086911 4008 97
PACKAGE 0.031921000001602806 4957 116
PACKAGE 0.03320299999904819 1015 24
PACKAGE 0.032836999991559424 976 23
PACKAGE 0.033203000013600104 1016 24
PACKAGE 0.034302000000025146 2019 46
PACKAGE 0.03240899999218527 970 23
PACKAGE 0.032654000009642914 975 23
PACKAGE 0.03259299999626819 2012 47
PACKAGE 0.03381400000944268 3030 71
PACKAGE 0.03363099999842234 2991 72
PACKAGE 0.03515599999809638 2999 71
PACKAGE 0.03424100000120234 1989 47
PACKAGE 0.03619300000718795 984 20
PACKAGE 0.04107700000167824 2962 65
PACKAGE 0.03863499998988118 998 18
PACKAGE 0.03857400000561029 2000 41
PACKAGE 0.03686500000185333 3019 53
PACKAGE 0.03552200000558514 1979 35
PACKAGE 0.042419999997946434 993 21
PACKAGE 0.035156999991158955 3969 88
PACKAGE 0.03479000000515953 1006 22
PACKAGE 0.03466800000751391 1002 24
PACKAGE 0.033263999997871 963 22
PACKAGE 0.03430099999241065 997 23
PACKAGE 0.035035000008065253 995 22
PACKAGE 0.03314200000022538 3003 71
PACKAGE 0.03301999998802785 998 23
PACKAGE 0.03558300000440795 1027 24
PACKAGE 0.03253199999744538 970 22
PACKAGE 0.03155499999411404 4003 94
PACKAGE 0.03314200000022538 6993 170
PACKAGE 0.03308100000140257 1016 23
PACKAGE 0.03161700000055134 1951 47
PACKAGE 0.03363000000535976 3046 72
PACKAGE 0.03259299999626819 971 22
PACKAGE 0.032409999999799766 2958 69
PACKAGE 0.03338599999551661 1015 24
PACKAGE 0.03314200000022538 7008 167
PACKAGE 0.03216600000450853 974 23
PACKAGE 0.03271500000846572 977 23
PACKAGE 0.03234900000097696 5003 120
PACKAGE 0.07080099999438971 5254 89
PACKAGE 0.035705000002053566 1797 42
PACKAGE 0.03198299999348819 2983 71
PACKAGE 0.03039500000886619 950 22
PACKAGE 0.032226999988779426 992 23
PACKAGE 0.03167699999175966 2018 48
PACKAGE 0.03234900000097696 1030 24
PACKAGE 0.03137199999764562 3941 93
PACKAGE 0.032044000006862916 2035 48
PACKAGE 0.03222700000333134 1984 47
PACKAGE 0.03179900000395719 1971 46
PACKAGE 0.030578999998397194 1981 47
PACKAGE 0.033020000002579764 1037 24
PACKAGE 0.031128000002354383 994 23
PACKAGE 0.030578999998397194 1988 47
PACKAGE 0.03173800000513438 970 21
PACKAGE 0.032775999992736615 993 23
PACKAGE 0.032105000005685724 1033 24
PACKAGE 0.032531000004382804 1988 47
PACKAGE 0.03271499999391381 1982 47
PACKAGE 0.033020000002579764 1032 24
PACKAGE 0.03155499999411404 1974 46
PACKAGE 0.03173800000513438 993 23
PACKAGE 0.031982000000425614 990 23
PACKAGE 0.03234900000097696 994 23
PACKAGE 0.03155499999411404 989 23
PACKAGE 0.03216600000450853 1036 24
PACKAGE 0.03204299999924842 9950 238
PACKAGE totals: 51.212957000141614 1573 3134301.0 100000
