7.319999999708671E-4 8920538248 9
9.770000001481094E-4 117 0
4.270000003998575E-4 1921 30
4.890000000159489E-4 938 14
5.489999998644635E-4 889 13
6.100000000515138E-4 913 14
4.880000001321605E-4 1954 34
3.6699999964184826E-4 2930 51
4.880000001321605E-4 917 15
4.8799999967741314E-4 3909 73
4.880000001321605E-4 902 17
6.109999999353022E-4 952 17
5.500000002029992E-4 2953 52
4.880000001321605E-4 884 17
5.489999998644635E-4 956 18
4.890000000159489E-4 944 18
3.6599999975805986E-4 4919 101
4.270000003998575E-4 912 18
3.6599999975805986E-4 974 20
3.050000000257569E-4 922 19
3.670000000965956E-4 953 20
3.6599999975805986E-4 1949 44
3.050000000257569E-4 915 20
3.660000002128072E-4 965 21
3.670000000965956E-4 963 20
4.2800000028364593E-4 3935 82
3.660000002128072E-4 2944 64
3.050000000257569E-4 942 21
3.660000002128072E-4 2966 68
3.050000000257569E-4 1940 44
3.6599999975805986E-4 951 21
3.670000000965956E-4 950 20
3.050000000257569E-4 1978 45
3.059999999095453E-4 2959 67
3.050000000257569E-4 909 20
3.6599999975805986E-4 996 22
3.660000002128072E-4 1934 42
3.660000002128072E-4 1954 44
3.0499999957100954E-4 966 20
3.670000000965956E-4 2917 66
3.6599999975805986E-4 1966 42
3.6599999975805986E-4 1945 42
3.059999999095453E-4 974 21
3.050000000257569E-4 961 21
3.660000002128072E-4 963 21
3.670000000965956E-4 2890 62
3.660000002128072E-4 971 20
3.6599999975805986E-4 1944 43
4.269999999451102E-4 976 20
3.0600000036429265E-4 932 19
3.6599999975805986E-4 955 21
3.660000002128072E-4 943 19
3.050000000257569E-4 1964 43
3.660000002128072E-4 4925 111
3.670000000965956E-4 989 21
3.050000000257569E-4 907 20
3.050000000257569E-4 1979 45
4.270000003998575E-4 958 18
3.6599999975805986E-4 1967 41
3.0499999957100954E-4 2974 67
3.6599999975805986E-4 1929 44
3.6599999975805986E-4 2960 65
3.670000000965956E-4 944 21
3.6599999975805986E-4 2966 65
3.050000000257569E-4 4904 110
3.660000002128072E-4 945 20
3.050000000257569E-4 2962 68
3.670000000965956E-4 2953 65
3.6599999975805986E-4 1965 42
3.050000000257569E-4 946 21
3.050000000257569E-4 952 21
3.670000000965956E-4 992 22
3.050000000257569E-4 1914 43
3.050000000257569E-4 1003 22
3.6599999975805986E-4 959 21
3.050000000257569E-4 1941 43
4.880000001321605E-4 946 18
4.269999999451102E-4 976 18
4.269999999451102E-4 975 18
3.6599999975805986E-4 1940 37
4.269999999451102E-4 966 18
4.279999998288986E-4 1979 38
3.050000000257569E-4 1909 37
5.489999998644635E-4 959 19
4.2800000028364593E-4 1001 21
3.6599999975805986E-4 891 18
4.270000003998575E-4 960 20
3.6599999975805986E-4 945 19
3.670000000965956E-4 1953 41
3.660000002128072E-4 1989 40
3.050000000257569E-4 928 19
3.670000000965956E-4 1991 42
3.660000002128072E-4 932 19
4.269999999451102E-4 1964 41
5.489999998644635E-4 1949 41
6.100000000515138E-4 933 19
4.880000001321605E-4 3990 83
6.720000001223525E-4 941 19
4.880000001321605E-4 936 19
4.269999999451102E-4 3966 82
4.890000000159489E-4 954 19
5.490000003192108E-4 5970 126
6.719999996676052E-4 921 18
3.6599999975805986E-4 1927 39
4.269999999451102E-4 977 20
5.489999998644635E-4 1939 40
4.880000001321605E-4 978 20
4.279999998288986E-4 927 19
4.880000001321605E-4 2978 62
6.100000000515138E-4 1940 40
5.489999998644635E-4 4972 99
6.100000000515138E-4 908 17
5.500000002029992E-4 938 18
5.489999998644635E-4 984 19
7.930000001579174E-4 2954 57
5.489999998644635E-4 958 18
6.109999999353022E-4 947 16
6.100000000515138E-4 937 18
5.489999998644635E-4 982 19
4.890000000159489E-4 937 18
5.490000003192108E-4 1002 19
6.709999997838167E-4 914 18
4.890000000159489E-4 988 18
7.319999999708671E-4 855 16
9.159999999610591E-4 944 18
6.100000000515138E-4 927 15
4.889999995612015E-4 8895 173
9.150000000772707E-4 861 17
7.330000003094028E-4 951 16
6.099999995967664E-4 1948 39
6.720000001223525E-4 962 19
4.269999999451102E-4 4924 99
4.279999998288986E-4 976 19
4.880000001321605E-4 929 18
8.550000002287561E-4 4985 97
0.0011589999999159772 891 17
0.0010990000000674627 928 17
6.709999997838167E-4 899 18
7.930000001579174E-4 1973 36
6.109999999353022E-4 4928 94
4.880000001321605E-4 1871 39
5.500000002029992E-4 987 20
4.8799999967741314E-4 972 20
3.6599999975805986E-4 3900 84
3.6599999975805986E-4 1960 45
4.2800000028364593E-4 991 22
4.2800000028364593E-4 4954 115
4.880000001321605E-4 1983 44
3.660000002128072E-4 2964 49
3.6599999975805986E-4 954 21
3.660000002128072E-4 2975 68
3.059999999095453E-4 3956 92
3.660000002128072E-4 981 22
3.6699999964184826E-4 3986 91
5.490000003192108E-4 904 20
3.050000000257569E-4 3971 92
3.660000002128072E-4 1934 44
4.890000000159489E-4 948 21
4.269999999451102E-4 946 21
4.880000001321605E-4 992 22
3.050000000257569E-4 1941 45
3.670000000965956E-4 998 21
3.050000000257569E-4 3980 94
3.050000000257569E-4 1947 46
3.6599999975805986E-4 997 23
3.660000002128072E-4 936 19
3.059999999095453E-4 1943 46
3.6599999975805986E-4 3979 94
4.269999999451102E-4 2008 45
3.050000000257569E-4 896 21
3.050000000257569E-4 973 23
3.670000000965956E-4 2020 48
3.050000000257569E-4 932 22
3.660000002128072E-4 1999 48
3.059999999095453E-4 1947 46
3.050000000257569E-4 1998 48
3.6599999975805986E-4 977 22
3.670000000965956E-4 1923 46
3.050000000257569E-4 981 23
4.269999999451102E-4 1967 43
3.050000000257569E-4 941 22
3.050000000257569E-4 4997 120
3.670000000965956E-4 937 20
3.670000000965956E-4 5000 118
3.6599999975805986E-4 1957 46
3.050000000257569E-4 982 22
3.660000002128072E-4 997 23
3.660000002128072E-4 1953 46
3.050000000257569E-4 1949 45
3.050000000257569E-4 2984 71
4.880000001321605E-4 914 21
4.269999999451102E-4 1969 47
4.279999998288986E-4 936 21
3.660000002128072E-4 920 18
3.050000000257569E-4 991 18
3.050000000257569E-4 1928 37
3.670000000965956E-4 982 19
3.660000002128072E-4 975 18
3.660000002128072E-4 5968 120
3.050000000257569E-4 1979 39
3.050000000257569E-4 2947 71
3.050000000257569E-4 2004 48
3.050000000257569E-4 1967 47
3.050000000257569E-4 1964 47
3.050000000257569E-4 948 22
3.6699999964184826E-4 995 23
5.490000003192108E-4 967 20
3.670000000965956E-4 2931 65
3.0499999957100954E-4 3996 96
3.670000000965956E-4 2003 48
3.6599999975805986E-4 2964 70
3.050000000257569E-4 937 21
3.660000002128072E-4 1962 46
5.489999998644635E-4 960 21
3.050000000257569E-4 2980 71
3.050000000257569E-4 2004 48
3.050000000257569E-4 2980 71
3.050000000257569E-4 2934 70
3.6599999975805986E-4 2982 70
3.660000002128072E-4 2967 71
3.660000002128072E-4 3994 96
3.050000000257569E-4 982 22
3.059999999095453E-4 938 22
3.660000002128072E-4 1019 23
3.660000002128072E-4 2977 71
3.050000000257569E-4 1969 47
3.6599999975805986E-4 937 20
3.6599999975805986E-4 4990 119
3.050000000257569E-4 946 22
3.059999999095453E-4 2995 70
3.660000002128072E-4 984 23
6.100000000515138E-4 1949 42
9.770000001481094E-4 956 20
3.660000002128072E-4 983 23
3.6599999975805986E-4 944 21
4.890000000159489E-4 966 21
3.050000000257569E-4 1967 46
3.059999999095453E-4 2999 71
3.660000002128072E-4 948 22
3.050000000257569E-4 954 22
4.269999999451102E-4 994 20
3.050000000257569E-4 987 23
3.0499999957100954E-4 1969 47
3.660000002128072E-4 948 21
3.050000000257569E-4 981 23
3.6599999975805986E-4 982 23
3.660000002128072E-4 2967 70
3.050000000257569E-4 1963 46
3.660000002128072E-4 2001 48
3.660000002128072E-4 1954 46
3.050000000257569E-4 2990 72
3.050000000257569E-4 1972 47
3.6599999975805986E-4 947 22
3.670000000965956E-4 946 22
3.660000002128072E-4 1972 47
3.6599999975805986E-4 939 22
4.269999999451102E-4 975 22
3.050000000257569E-4 1938 44
3.6599999975805986E-4 1000 18
7.940000000417058E-4 1945 42
4.269999999451102E-4 968 20
3.0600000036429265E-4 2946 56
3.050000000257569E-4 1966 41
4.880000001321605E-4 965 21
3.059999999095453E-4 1980 40
3.050000000257569E-4 4010 78
7.330000003094028E-4 2929 58
4.8799999967741314E-4 1044 19
3.050000000257569E-4 4946 107
3.6599999975805986E-4 988 23
3.660000002128072E-4 4978 118
3.050000000257569E-4 992 23
3.050000000257569E-4 1962 47
3.059999999095453E-4 941 22
3.660000002128072E-4 2004 48
3.050000000257569E-4 986 23
3.0600000036429265E-4 1980 47
3.050000000257569E-4 1964 47
3.050000000257569E-4 986 23
3.6699999964184826E-4 1996 47
3.660000002128072E-4 1949 46
3.059999999095453E-4 2979 69
3.660000002128072E-4 1018 24
3.050000000257569E-4 2974 71
3.050000000257569E-4 985 23
3.670000000965956E-4 940 21
3.050000000257569E-4 1024 24
3.050000000257569E-4 946 22
3.660000002128072E-4 985 23
3.059999999095453E-4 2003 48
3.660000002128072E-4 1993 47
3.059999999095453E-4 2937 71
3.6599999975805986E-4 1009 23
3.050000000257569E-4 2007 46
3.0600000036429265E-4 1956 47
3.660000002128072E-4 2970 72
3.660000002128072E-4 986 23
5.499999997482519E-4 993 19
3.050000000257569E-4 1936 43
3.660000002128072E-4 1018 23
3.050000000257569E-4 3969 95
3.050000000257569E-4 1973 47
3.670000000965956E-4 983 22
3.050000000257569E-4 988 23
3.660000002128072E-4 2006 47
3.050000000257569E-4 947 22
3.050000000257569E-4 3978 96
4.269999999451102E-4 980 22
3.059999999095453E-4 967 21
3.050000000257569E-4 985 23
3.050000000257569E-4 2989 72
3.670000000965956E-4 984 23
2.4399999983870657E-4 947 22
4.269999999451102E-4 984 23
3.050000000257569E-4 6008 145
3.6599999975805986E-4 954 22
3.059999999095453E-4 2005 47
3.050000000257569E-4 2978 71
3.050000000257569E-4 4953 120
3.6599999975805986E-4 3002 73
3.050000000257569E-4 2937 71
3.050000000257569E-4 1963 45
3.6599999975805986E-4 1025 24
3.050000000257569E-4 947 22
3.660000002128072E-4 985 23
3.6699999964184826E-4 974 21
3.050000000257569E-4 3981 97
3.050000000257569E-4 986 23
4.279999998288986E-4 1020 24
3.050000000257569E-4 983 23
3.050000000257569E-4 946 22
3.660000002128072E-4 1020 24
3.0499999957100954E-4 940 22
4.269999999451102E-4 2978 65
4.269999999451102E-4 1007 21
3.050000000257569E-4 3956 79
3.059999999095453E-4 2024 38
3.660000002128072E-4 2950 57
3.6599999975805986E-4 3001 61
3.0499999957100954E-4 5948 134
3.050000000257569E-4 1964 47
3.6599999975805986E-4 2971 62
3.670000000965956E-4 2990 56
3.050000000257569E-4 965 21
3.660000002128072E-4 988 23
3.6599999975805986E-4 6992 168
3.050000000257569E-4 2945 71
3.050000000257569E-4 1029 24
3.6599999975805986E-4 941 21
3.050000000257569E-4 990 23
3.050000000257569E-4 2003 46
3.6599999975805986E-4 986 23
3.050000000257569E-4 1965 46
3.6599999975805986E-4 3007 73
4.269999999451102E-4 933 20
3.050000000257569E-4 2985 65
3.6699999964184826E-4 4018 77
3.670000000965956E-4 4952 100
3.050000000257569E-4 987 23
3.6599999975805986E-4 3011 72
3.6599999975805986E-4 2984 71
3.670000000965956E-4 2953 71
3.050000000257569E-4 985 23
3.660000002128072E-4 1963 47
3.670000000965956E-4 2998 70
3.6599999975805986E-4 1962 46
3.059999999095453E-4 3017 72
3.050000000257569E-4 984 23
3.6599999975805986E-4 945 22
3.050000000257569E-4 2004 48
3.050000000257569E-4 1970 47
3.6599999975805986E-4 1974 47
3.050000000257569E-4 4994 120
3.6599999975805986E-4 1986 46
3.6599999975805986E-4 1999 48
3.670000000965956E-4 3990 97
3.660000002128072E-4 978 23
2.4399999983870657E-4 953 22
3.6599999975805986E-4 7007 169
3.660000002128072E-4 2969 71
3.6599999975805986E-4 1995 46
3.059999999095453E-4 940 22
3.660000002128072E-4 1023 24
3.050000000257569E-4 2985 71
3.050000000257569E-4 1914 46
3.660000002128072E-4 960 19
3.6599999975805986E-4 1958 47
3.670000000965956E-4 1015 24
3.050000000257569E-4 3011 71
3.050000000257569E-4 5941 142
3.059999999095453E-4 951 22
3.050000000257569E-4 2019 48
3.050000000257569E-4 1991 46
3.059999999095453E-4 979 23
3.050000000257569E-4 978 23
3.050000000257569E-4 1985 46
3.6699999964184826E-4 4964 75
5.490000003192108E-4 990 22
3.670000000965956E-4 6958 146
3.660000002128072E-4 1006 21
3.050000000257569E-4 942 21
3.6599999975805986E-4 1015 20
3.670000000965956E-4 2009 42
4.880000001321605E-4 2940 59
3.660000002128072E-4 1013 21
5.499999997482519E-4 991 20
3.050000000257569E-4 1005 21
3.050000000257569E-4 3968 76
3.660000002128072E-4 2957 54
3.670000000965956E-4 2007 48
3.050000000257569E-4 957 22
3.050000000257569E-4 2020 47
3.6699999964184826E-4 1992 46
3.050000000257569E-4 1967 46
3.660000002128072E-4 992 23
3.050000000257569E-4 934 22
5.499999997482519E-4 1029 22
3.050000000257569E-4 937 21
3.670000000965956E-4 4007 94
3.6599999975805986E-4 3015 72
3.660000002128072E-4 979 23
3.059999999095453E-4 980 23
3.660000002128072E-4 980 23
3.050000000257569E-4 3013 72
3.670000000965956E-4 981 23
3.6599999975805986E-4 1956 45
3.050000000257569E-4 982 23
3.059999999095453E-4 1959 44
3.0499999957100954E-4 1996 48
3.050000000257569E-4 2002 47
3.050000000257569E-4 4969 120
3.050000000257569E-4 1967 47
3.660000002128072E-4 3030 71
3.059999999095453E-4 1988 47
4.269999999451102E-4 983 23
3.660000002128072E-4 5992 144
3.6599999975805986E-4 965 22
3.050000000257569E-4 981 23
3.660000002128072E-4 2974 71
2.4399999983870657E-4 1018 23
3.0600000036429265E-4 1955 46
3.050000000257569E-4 9005 219
3.660000002128072E-4 3956 95
3.6599999975805986E-4 1014 23
3.050000000257569E-4 935 22
3.660000002128072E-4 2020 46
3.6599999975805986E-4 1983 47
3.6599999975805986E-4 3977 96
3.050000000257569E-4 1956 47
3.670000000965956E-4 980 23
3.660000002128072E-4 1998 47
4.269999999451102E-4 1024 23
3.050000000257569E-4 975 22
3.6599999975805986E-4 1994 48
3.050000000257569E-4 952 21
3.670000000965956E-4 3016 73
3.0499999957100954E-4 938 21
3.050000000257569E-4 1018 24
3.670000000965956E-4 2967 70
3.050000000257569E-4 2969 72
2.4400000029345392E-4 3990 94
3.6599999975805986E-4 983 23
3.6599999975805986E-4 3008 72
3.660000002128072E-4 1983 47
4.269999999451102E-4 3006 72
3.050000000257569E-4 975 23
3.660000002128072E-4 5962 144
3.050000000257569E-4 964 22
3.050000000257569E-4 1023 24
3.6599999975805986E-4 2987 69
3.050000000257569E-4 946 22
3.670000000965956E-4 984 23
3.6599999975805986E-4 984 23
3.660000002128072E-4 1971 46
3.050000000257569E-4 983 22
3.050000000257569E-4 5989 144
3.6699999964184826E-4 974 21
3.050000000257569E-4 984 23
3.050000000257569E-4 2004 47
3.670000000965956E-4 1972 47
3.050000000257569E-4 1021 24
3.0600000036429265E-4 8961 216
3.0499999957100954E-4 961 23
3.660000002128072E-4 1038 24
3.670000000965956E-4 2938 72
3.660000002128072E-4 2992 72
3.050000000257569E-4 1008 24
3.050000000257569E-4 1932 47
6.109999999353022E-4 3003 72
3.050000000257569E-4 1992 47
3.050000000257569E-4 3976 98
3.660000002128072E-4 2022 49
3.6599999975805986E-4 1997 47
3.670000000965956E-4 924 22
3.050000000257569E-4 3047 73
3.050000000257569E-4 983 23
3.660000002128072E-4 1987 48
3.050000000257569E-4 928 22
3.050000000257569E-4 1039 24
3.050000000257569E-4 3954 97
3.660000002128072E-4 5969 146
3.6599999975805986E-4 3013 72
3.050000000257569E-4 964 23
3.660000002128072E-4 5022 123
3.050000000257569E-4 1962 48
3.050000000257569E-4 2006 49
3.6599999975805986E-4 1974 48
3.660000002128072E-4 4988 104
3.0499999957100954E-4 963 18
3.0600000036429265E-4 947 17
3.660000002128072E-4 2014 49
5.489999998644635E-4 991 22
4.279999998288986E-4 890 21
3.660000002128072E-4 961 23
3.660000002128072E-4 1996 44
3.670000000965956E-4 1921 34
3.6599999975805986E-4 1009 21
3.050000000257569E-4 987 19
3.660000002128072E-4 987 20
3.050000000257569E-4 4992 114
3.050000000257569E-4 965 23
3.670000000965956E-4 975 21
3.050000000257569E-4 2021 49
3.050000000257569E-4 3967 97
3.050000000257569E-4 2979 72
3.6599999975805986E-4 983 22
3.059999999095453E-4 1000 24
4.270000003998575E-4 1005 23
3.050000000257569E-4 1006 24
3.059999999095453E-4 2945 71
3.050000000257569E-4 1036 25
3.059999999095453E-4 3937 95
3.660000002128072E-4 1000 24
3.050000000257569E-4 2989 73
3.660000002128072E-4 2975 71
3.0499999957100954E-4 1034 25
3.050000000257569E-4 952 23
3.670000000965956E-4 993 24
3.050000000257569E-4 1000 23
3.050000000257569E-4 1995 49
7.319999999708671E-4 11981 281
7.329999998546555E-4 1006 22
3.050000000257569E-4 956 22
3.050000000257569E-4 993 24
3.0499999957100954E-4 2019 49
3.670000000965956E-4 965 22
5.490000003192108E-4 993 22
4.269999999451102E-4 956 21
4.269999999451102E-4 993 21
3.660000002128072E-4 3009 65
3.6599999975805986E-4 963 15
4.269999999451102E-4 1011 17
3.660000002128072E-4 3979 81
3.050000000257569E-4 7979 198
3.6599999975805986E-4 3019 74
3.660000002128072E-4 2980 71
3.0499999957100954E-4 1950 47
3.050000000257569E-4 1992 49
3.6599999975805986E-4 7015 171
3.670000000965956E-4 1997 47
3.6599999975805986E-4 2958 71
3.660000002128072E-4 2024 48
3.6599999975805986E-4 1950 47
3.660000002128072E-4 2012 48
3.050000000257569E-4 4984 121
3.050000000257569E-4 972 23
3.050000000257569E-4 4018 97
3.059999999095453E-4 1948 46
3.050000000257569E-4 1991 48
2.4400000029345392E-4 2983 72
3.660000002128072E-4 4036 97
3.059999999095453E-4 1986 48
3.6599999975805986E-4 978 22
3.660000002128072E-4 1988 48
3.6599999975805986E-4 1012 24
3.059999999095453E-4 933 21
3.660000002128072E-4 1014 24
3.0600000036429265E-4 4015 98
3.660000002128072E-4 2992 72
3.059999999095453E-4 1977 48
3.660000002128072E-4 1976 45
3.050000000257569E-4 1976 49
3.050000000257569E-4 987 24
3.670000000965956E-4 1034 24
4.269999999451102E-4 2975 73
3.050000000257569E-4 986 23
3.059999999095453E-4 952 23
3.660000002128072E-4 1032 25
3.050000000257569E-4 1982 48
3.6599999975805986E-4 958 23
3.660000002128072E-4 1994 49
3.6599999975805986E-4 1017 23
3.050000000257569E-4 977 23
3.050000000257569E-4 982 23
3.050000000257569E-4 2032 47
3.0499999957100954E-4 5967 143
3.050000000257569E-4 946 22
3.660000002128072E-4 976 22
3.050000000257569E-4 1989 48
3.6599999975805986E-4 1030 24
3.050000000257569E-4 982 23
3.050000000257569E-4 1016 24
3.670000000965956E-4 976 23
3.6599999975805986E-4 1989 47
3.660000002128072E-4 1981 48
3.059999999095453E-4 977 23
3.660000002128072E-4 996 23
3.0499999957100954E-4 1015 24
3.050000000257569E-4 933 22
3.660000002128072E-4 7004 169
3.6699999964184826E-4 982 23
3.050000000257569E-4 6009 146
3.6599999975805986E-4 1015 24
3.6599999975805986E-4 3963 96
3.050000000257569E-4 971 23
3.660000002128072E-4 1993 47
3.6699999964184826E-4 981 23
3.050000000257569E-4 3003 72
3.050000000257569E-4 980 23
3.050000000257569E-4 3039 73
3.660000002128072E-4 974 23
3.6599999975805986E-4 6985 169
3.660000002128072E-4 1981 48
3.670000000965956E-4 3953 96
3.660000002128072E-4 3033 74
3.050000000257569E-4 970 23
3.6699999964184826E-4 1012 24
3.660000002128072E-4 1985 47
3.050000000257569E-4 1011 24
3.050000000257569E-4 943 22
3.6599999975805986E-4 998 23
3.059999999095453E-4 1012 24
3.6599999975805986E-4 2944 70
3.050000000257569E-4 1014 24
3.670000000965956E-4 1015 24
3.660000002128072E-4 1949 46
4.279999998288986E-4 3032 73
3.660000002128072E-4 5957 144
3.660000002128072E-4 1015 24
3.0499999957100954E-4 970 23
5.490000003192108E-4 969 22
3.0499999957100954E-4 2949 73
3.660000002128072E-4 1999 47
3.059999999095453E-4 994 24
3.6599999975805986E-4 994 24
3.050000000257569E-4 978 22
3.050000000257569E-4 3988 98
3.660000002128072E-4 1960 48
3.050000000257569E-4 3004 72
3.0499999957100954E-4 1019 24
3.660000002128072E-4 1993 47
3.050000000257569E-4 4951 120
3.050000000257569E-4 4008 97
3.050000000257569E-4 973 23
3.6599999975805986E-4 1016 24
3.0600000036429265E-4 990 22
3.6599999975805986E-4 3963 95
3.660000002128072E-4 2039 49
3.050000000257569E-4 978 23
3.6599999975805986E-4 1979 47
3.050000000257569E-4 1965 47
4.2800000028364593E-4 5032 121
3.050000000257569E-4 979 23
3.050000000257569E-4 1017 24
3.050000000257569E-4 938 22
3.059999999095453E-4 2033 48
3.6599999975805986E-4 1953 46
3.050000000257569E-4 1005 22
3.050000000257569E-4 2978 72
3.0499999957100954E-4 1994 47
3.050000000257569E-4 5979 143
3.059999999095453E-4 981 22
3.050000000257569E-4 3011 73
3.660000002128072E-4 1003 23
3.059999999095453E-4 979 23
3.050000000257569E-4 1019 24
3.660000002128072E-4 980 23
3.6599999975805986E-4 982 22
3.050000000257569E-4 1957 47
3.670000000965956E-4 1019 24
3.050000000257569E-4 1964 47
3.6599999975805986E-4 1024 24
3.050000000257569E-4 977 22
3.670000000965956E-4 1023 23
3.6599999975805986E-4 939 22
3.6599999975805986E-4 6032 146
3.050000000257569E-4 962 21
3.050000000257569E-4 1018 24
3.050000000257569E-4 2938 71
3.6599999975805986E-4 1020 24
3.660000002128072E-4 980 23
3.6599999975805986E-4 2037 47
3.050000000257569E-4 1934 46
3.6599999975805986E-4 980 23
3.660000002128072E-4 3019 71
3.050000000257569E-4 2980 71
4.269999999451102E-4 3012 72
3.050000000257569E-4 936 22
3.6599999975805986E-4 6031 145
3.050000000257569E-4 1948 46
3.050000000257569E-4 1013 24
3.670000000965956E-4 2998 72
3.050000000257569E-4 3952 96
3.050000000257569E-4 1987 48
3.6599999975805986E-4 2021 47
3.050000000257569E-4 974 23
3.050000000257569E-4 971 23
3.660000002128072E-4 2991 62
4.880000001321605E-4 997 21
3.050000000257569E-4 3013 72
3.050000000257569E-4 1976 46
3.050000000257569E-4 2000 48
3.059999999095453E-4 940 22
3.050000000257569E-4 2034 48
3.660000002128072E-4 1986 48
3.660000002128072E-4 2994 70
3.050000000257569E-4 972 23
3.0600000036429265E-4 1989 47
3.660000002128072E-4 2989 72
2.4399999983870657E-4 971 23
4.279999998288986E-4 1014 24
3.050000000257569E-4 971 22
3.050000000257569E-4 2021 48
3.050000000257569E-4 975 23
3.6699999964184826E-4 1014 24
3.050000000257569E-4 961 22
4.269999999451102E-4 1015 24
3.670000000965956E-4 2999 72
3.050000000257569E-4 1981 48
3.050000000257569E-4 1945 46
3.660000002128072E-4 3029 74
3.050000000257569E-4 972 22
3.050000000257569E-4 971 23
3.6599999975805986E-4 1013 24
3.670000000965956E-4 1008 23
3.050000000257569E-4 952 21
3.050000000257569E-4 2996 73
3.670000000965956E-4 979 22
3.660000002128072E-4 1985 48
3.059999999095453E-4 3019 72
3.660000002128072E-4 973 23
3.050000000257569E-4 1011 24
3.050000000257569E-4 3997 97
3.050000000257569E-4 951 22
3.6599999975805986E-4 1014 24
3.059999999095453E-4 2989 71
4.269999999451102E-4 1012 23
3.050000000257569E-4 979 23
3.660000002128072E-4 1995 47
3.6599999975805986E-4 1998 48
3.050000000257569E-4 977 23
3.050000000257569E-4 1956 46
3.660000002128072E-4 3999 96
3.050000000257569E-4 979 23
3.670000000965956E-4 978 23
3.050000000257569E-4 6013 144
3.6599999975805986E-4 978 23
3.050000000257569E-4 1022 24
3.660000002128072E-4 978 22
3.050000000257569E-4 1018 24
3.670000000965956E-4 978 23
3.0499999957100954E-4 1957 47
3.660000002128072E-4 1994 47
3.6699999964184826E-4 6036 145
3.050000000257569E-4 977 23
3.660000002128072E-4 2957 70
3.0499999957100954E-4 2984 73
3.059999999095453E-4 3034 72
3.050000000257569E-4 938 22
3.6599999975805986E-4 1024 23
3.059999999095453E-4 3992 95
3.660000002128072E-4 1999 48
3.050000000257569E-4 978 23
3.0600000036429265E-4 1996 47
3.6599999975805986E-4 977 23
3.050000000257569E-4 974 22
3.660000002128072E-4 1002 23
3.050000000257569E-4 1018 24
3.059999999095453E-4 936 22
3.6599999975805986E-4 1016 24
3.660000002128072E-4 1999 47
3.050000000257569E-4 939 22
3.050000000257569E-4 2027 48
3.660000002128072E-4 979 23
4.269999999451102E-4 2025 49
3.050000000257569E-4 2991 72
3.050000000257569E-4 932 22
3.050000000257569E-4 2052 49
3.6699999964184826E-4 974 23
3.050000000257569E-4 1989 46
3.6599999975805986E-4 971 23
3.050000000257569E-4 978 23
3.059999999095453E-4 1015 24
3.660000002128072E-4 999 23
3.050000000257569E-4 980 23
3.050000000257569E-4 2014 48
3.670000000965956E-4 940 20
3.6699999964184826E-4 5034 121
3.050000000257569E-4 985 23
3.050000000257569E-4 945 22
3.050000000257569E-4 3038 72
3.059999999095453E-4 943 22
3.6599999975805986E-4 1010 22
3.050000000257569E-4 2007 48
3.050000000257569E-4 946 22
3.670000000965956E-4 1021 23
3.6599999975805986E-4 1962 47
3.660000002128072E-4 2010 48
3.059999999095453E-4 984 23
3.6599999975805986E-4 4021 96
3.050000000257569E-4 952 22
3.050000000257569E-4 1998 47
3.6599999975805986E-4 1973 47
3.050000000257569E-4 1029 24
3.670000000965956E-4 986 22
3.6599999975805986E-4 2955 71
3.050000000257569E-4 1030 24
3.0600000036429265E-4 942 22
3.0499999957100954E-4 988 23
3.050000000257569E-4 2010 47
3.6599999975805986E-4 2992 71
3.660000002128072E-4 2983 71
3.050000000257569E-4 1032 24
3.6699999964184826E-4 948 21
3.050000000257569E-4 986 23
3.059999999095453E-4 3987 96
3.050000000257569E-4 1030 24
3.6599999975805986E-4 986 23
3.059999999095453E-4 3001 71
3.660000002128072E-4 989 23
3.670000000965956E-4 3998 94
3.050000000257569E-4 949 21
3.050000000257569E-4 1976 47
3.6599999975805986E-4 996 23
3.660000002128072E-4 1031 23
3.059999999095453E-4 992 23
3.050000000257569E-4 952 22
3.6599999975805986E-4 1969 45
3.050000000257569E-4 998 23
3.059999999095453E-4 989 23
3.050000000257569E-4 995 23
3.660000002128072E-4 996 22
3.050000000257569E-4 2025 48
3.670000000965956E-4 993 23
3.660000002128072E-4 3950 94
3.050000000257569E-4 980 22
3.050000000257569E-4 1980 47
3.050000000257569E-4 1032 23
4.269999999451102E-4 3010 62
3.6599999975805986E-4 939 22
3.660000002128072E-4 998 20
4.269999999451102E-4 1952 44
3.6599999975805986E-4 4031 78
3.660000002128072E-4 936 17
3.050000000257569E-4 1988 37
3.6699999964184826E-4 1007 24
3.050000000257569E-4 975 23
3.6599999975805986E-4 1977 46
6.709999997838167E-4 4013 98
3.6599999975805986E-4 2971 71
3.059999999095453E-4 2002 48
3.050000000257569E-4 968 23
3.660000002128072E-4 1023 23
3.0499999957100954E-4 975 23
4.270000003998575E-4 977 22
3.050000000257569E-4 3997 97
3.660000002128072E-4 1011 24
3.059999999095453E-4 977 23
3.059999999095453E-4 5969 146
3.660000002128072E-4 976 23
3.050000000257569E-4 3020 74
3.059999999095453E-4 1010 24
3.660000002128072E-4 941 22
3.050000000257569E-4 982 23
3.050000000257569E-4 1019 24
3.050000000257569E-4 3994 96
3.059999999095453E-4 3979 98
3.0499999957100954E-4 3009 73
3.050000000257569E-4 965 23
3.670000000965956E-4 1006 24
3.050000000257569E-4 1964 47
3.050000000257569E-4 3973 97
3.050000000257569E-4 1014 24
3.050000000257569E-4 972 23
3.059999999095453E-4 2028 48
3.050000000257569E-4 2991 72
3.050000000257569E-4 3978 98
3.6599999975805986E-4 976 23
3.660000002128072E-4 2015 48
3.050000000257569E-4 1955 47
3.050000000257569E-4 974 23
3.059999999095453E-4 3023 73
3.050000000257569E-4 975 23
3.6599999975805986E-4 1013 24
3.660000002128072E-4 1001 22
3.059999999095453E-4 1983 48
3.050000000257569E-4 2959 72
3.059999999095453E-4 3030 74
3.660000002128072E-4 974 23
3.6599999975805986E-4 998 24
3.050000000257569E-4 963 23
3.050000000257569E-4 1010 23
3.670000000965956E-4 968 23
3.050000000257569E-4 2010 49
3.0499999957100954E-4 5013 120
3.660000002128072E-4 976 23
3.670000000965956E-4 1946 47
3.6599999975805986E-4 3017 72
3.050000000257569E-4 978 23
3.670000000965956E-4 2024 49
3.050000000257569E-4 1980 48
3.6599999975805986E-4 991 22
3.6599999975805986E-4 3989 96
3.050000000257569E-4 979 23
3.050000000257569E-4 2986 73
3.660000002128072E-4 1005 24
3.0499999957100954E-4 1973 48
3.670000000965956E-4 996 23
3.660000002128072E-4 1964 48
3.050000000257569E-4 1010 24
3.6599999975805986E-4 1978 47
3.059999999095453E-4 994 23
3.660000002128072E-4 2009 47
3.050000000257569E-4 6971 170
3.050000000257569E-4 1997 47
3.050000000257569E-4 2012 48
3.670000000965956E-4 1946 46
3.050000000257569E-4 1022 24
3.6599999975805986E-4 978 23
3.050000000257569E-4 997 23
3.660000002128072E-4 970 23
3.050000000257569E-4 1018 24
3.660000002128072E-4 6987 172
3.050000000257569E-4 2970 73
3.050000000257569E-4 3998 97
3.050000000257569E-4 976 23
3.050000000257569E-4 978 23
3.6599999975805986E-4 1986 48
3.050000000257569E-4 1982 48
3.059999999095453E-4 2016 47
3.050000000257569E-4 974 23
3.660000002128072E-4 1016 24
3.0499999957100954E-4 1008 24
3.050000000257569E-4 4962 121
3.660000002128072E-4 3026 74
3.050000000257569E-4 975 23
3.050000000257569E-4 1939 47
3.059999999095453E-4 2021 49
4.270000003998575E-4 2010 49
3.050000000257569E-4 1959 46
3.0600000036429265E-4 1000 24
3.6599999975805986E-4 1001 24
3.050000000257569E-4 960 23
3.6699999964184826E-4 2993 73
3.050000000257569E-4 3017 71
3.050000000257569E-4 977 23
3.059999999095453E-4 978 23
3.6599999975805986E-4 1013 24
3.050000000257569E-4 974 23
3.050000000257569E-4 1979 48
3.050000000257569E-4 2979 72
3.050000000257569E-4 2010 49
3.6599999975805986E-4 3994 97
3.050000000257569E-4 969 23
3.059999999095453E-4 1978 48
3.6599999975805986E-4 2001 48
3.660000002128072E-4 1990 47
3.6599999975805986E-4 3014 73
3.660000002128072E-4 964 23
3.059999999095453E-4 1984 47
3.660000002128072E-4 10013 245
3.050000000257569E-4 1974 47
3.660000002128072E-4 1980 47
3.059999999095453E-4 1971 48
3.6599999975805986E-4 2013 49
3.050000000257569E-4 2008 48
3.670000000965956E-4 962 23
3.6599999975805986E-4 3034 74
3.660000002128072E-4 935 22
3.670000000965956E-4 1983 48
3.0499999957100954E-4 2016 49
4.279999998288986E-4 3013 71
3.660000002128072E-4 941 21
3.6599999975805986E-4 2990 72
3.660000002128072E-4 3023 74
3.050000000257569E-4 968 23
3.0600000036429265E-4 2008 48
3.050000000257569E-4 3992 96
3.050000000257569E-4 1987 48
3.050000000257569E-4 973 23
3.050000000257569E-4 1973 47
4.890000000159489E-4 967 22
6.709999997838167E-4 1010 24
3.660000002128072E-4 969 23
3.6699999964184826E-4 2001 49
3.050000000257569E-4 1036 25
3.660000002128072E-4 1957 47
3.6599999975805986E-4 1969 48
3.0600000036429265E-4 997 23
3.6599999975805986E-4 1005 23
3.050000000257569E-4 1967 48
3.6599999975805986E-4 1040 25
3.0600000036429265E-4 966 23
3.660000002128072E-4 2969 73
3.050000000257569E-4 995 22
2.4400000029345392E-4 2001 48
3.050000000257569E-4 7010 171
3.050000000257569E-4 3994 97
3.050000000257569E-4 3972 97
3.660000002128072E-4 1007 24
3.050000000257569E-4 6970 170
3.670000000965956E-4 972 23
3.050000000257569E-4 3002 73
3.6599999975805986E-4 970 23
3.6599999975805986E-4 6027 148
3.059999999095453E-4 962 23
3.050000000257569E-4 1003 24
3.6599999975805986E-4 1965 48
3.050000000257569E-4 3993 97
3.050000000257569E-4 4023 99
3.660000002128072E-4 1952 47
3.050000000257569E-4 1006 24
3.6599999975805986E-4 2984 72
3.050000000257569E-4 6008 149
3.660000002128072E-4 1007 24
3.0600000036429265E-4 1973 47
3.050000000257569E-4 3972 97
3.050000000257569E-4 2009 47
3.6599999975805986E-4 989 23
3.050000000257569E-4 988 22
3.660000002128072E-4 2009 48
3.059999999095453E-4 956 22
3.660000002128072E-4 3036 72
3.050000000257569E-4 948 22
3.059999999095453E-4 995 23
3.0499999957100954E-4 1994 46
3.050000000257569E-4 1968 47
3.050000000257569E-4 4999 120
3.670000000965956E-4 2019 48
3.050000000257569E-4 988 23
3.050000000257569E-4 2942 69
3.059999999095453E-4 1027 24
3.6599999975805986E-4 1967 46
3.050000000257569E-4 984 23
3.670000000965956E-4 2003 46
3.050000000257569E-4 2007 48
3.050000000257569E-4 986 22
3.670000000965956E-4 2012 47
3.050000000257569E-4 945 22
3.660000002128072E-4 2014 47
3.050000000257569E-4 2007 48
3.6699999964184826E-4 987 23
3.660000002128072E-4 985 22
3.050000000257569E-4 2000 47
3.050000000257569E-4 943 22
3.670000000965956E-4 1025 23
3.0499999957100954E-4 984 23
3.660000002128072E-4 983 23
3.0600000036429265E-4 1950 43
3.6599999975805986E-4 992 23
3.050000000257569E-4 989 23
3.660000002128072E-4 999 23
3.050000000257569E-4 984 22
3.6699999964184826E-4 987 23
3.050000000257569E-4 2969 70
3.6599999975805986E-4 986 23
3.050000000257569E-4 1025 24
3.050000000257569E-4 1968 46
3.050000000257569E-4 2004 48
3.0499999957100954E-4 981 23
3.050000000257569E-4 1994 46
3.6699999964184826E-4 4005 95
3.660000002128072E-4 1976 45
3.050000000257569E-4 4008 95
3.660000002128072E-4 989 22
3.6599999975805986E-4 1972 45
3.050000000257569E-4 2937 70
3.660000002128072E-4 986 23
3.6599999975805986E-4 996 23
3.050000000257569E-4 2001 47
3.6599999975805986E-4 5009 121
3.050000000257569E-4 1019 23
3.059999999095453E-4 3940 94
3.6599999975805986E-4 1016 23
3.660000002128072E-4 986 23
3.050000000257569E-4 983 23
3.050000000257569E-4 992 22
3.670000000965956E-4 982 22
3.050000000257569E-4 2966 72
3.059999999095453E-4 1997 48
3.050000000257569E-4 2972 71
3.050000000257569E-4 4055 97
3.660000002128072E-4 2965 71
3.059999999095453E-4 946 21
3.050000000257569E-4 987 23
3.050000000257569E-4 5003 119
3.050000000257569E-4 1015 24
4.269999999451102E-4 1012 23
3.050000000257569E-4 2977 73
3.660000002128072E-4 1978 46
3.050000000257569E-4 1981 48
3.670000000965956E-4 971 22
3.660000002128072E-4 3978 97
3.059999999095453E-4 1032 24
3.059999999095453E-4 5009 119
3.050000000257569E-4 1980 47
3.050000000257569E-4 951 22
3.6599999975805986E-4 1037 24
3.059999999095453E-4 958 22
3.050000000257569E-4 1977 46
3.050000000257569E-4 995 23
3.050000000257569E-4 991 23
3.6599999975805986E-4 977 22
3.050000000257569E-4 3009 72
3.0499999957100954E-4 2017 47
3.660000002128072E-4 2989 71
3.050000000257569E-4 950 22
3.050000000257569E-4 1032 24
3.6599999975805986E-4 1983 46
3.050000000257569E-4 994 23
3.660000002128072E-4 1975 47
3.670000000965956E-4 992 23
3.0499999957100954E-4 992 23
3.050000000257569E-4 950 22
3.050000000257569E-4 5007 119
3.050000000257569E-4 2019 47
3.050000000257569E-4 991 23
3.050000000257569E-4 2981 70
3.6599999975805986E-4 991 23
3.050000000257569E-4 988 23
3.670000000965956E-4 993 23
3.050000000257569E-4 990 23
3.050000000257569E-4 991 23
3.050000000257569E-4 951 22
3.6599999975805986E-4 1000 22
3.660000002128072E-4 3001 72
3.0499999957100954E-4 1992 46
3.660000002128072E-4 991 23
3.660000002128072E-4 1983 46
3.050000000257569E-4 989 23
3.050000000257569E-4 990 23
3.059999999095453E-4 1974 45
3.050000000257569E-4 1028 24
3.6599999975805986E-4 1974 47
3.050000000257569E-4 3969 95
3.670000000965956E-4 3030 72
3.050000000257569E-4 953 22
3.050000000257569E-4 2016 47
3.050000000257569E-4 947 22
8.539999998902204E-4 3029 69
4.2800000028364593E-4 2000 39
3.050000000257569E-4 2972 68
3.050000000257569E-4 948 22
4.279999998288986E-4 979 22
3.050000000257569E-4 1029 24
3.050000000257569E-4 989 23
3.660000002128072E-4 999 23
3.050000000257569E-4 984 21
7.940000000417058E-4 2999 72
7.930000001579174E-4 974 19
4.880000001321605E-4 2985 62
4.8799999967741314E-4 968 18
4.270000003998575E-4 1021 20
4.269999999451102E-4 2979 60
3.660000002128072E-4 971 19
4.279999998288986E-4 1010 19
4.269999999451102E-4 3004 60
3.6599999975805986E-4 973 19
4.269999999451102E-4 1975 38
3.660000002128072E-4 1015 20
3.6599999975805986E-4 964 18
3.6599999975805986E-4 8982 183
3.670000000965956E-4 1988 39
3.660000002128072E-4 982 19
3.670000000965956E-4 3001 59
3.6599999975805986E-4 968 19
4.269999999451102E-4 979 19
4.270000003998575E-4 1042 19
3.6599999975805986E-4 968 19
3.6599999975805986E-4 1960 38
3.670000000965956E-4 3015 59
4.880000001321605E-4 1983 38
4.270000003998575E-4 4976 101
7.319999999708671E-4 4980 100
6.100000000515138E-4 969 19
3.050000000257569E-4 7961 157
5.490000003192108E-4 1031 19
3.6699999964184826E-4 964 19
3.660000002128072E-4 2988 59
5.500000002029992E-4 981 19
4.269999999451102E-4 1018 20
4.880000001321605E-4 5966 120
4.269999999451102E-4 1980 40
4.890000000159489E-4 3029 62
4.880000001321605E-4 967 19
3.660000002128072E-4 975 19
3.6599999975805986E-4 2028 40
3.660000002128072E-4 965 19
6.100000000515138E-4 971 19
6.109999999353022E-4 991 17
5.489999998644635E-4 997 19
4.8799999967741314E-4 3029 61
4.269999999451102E-4 962 19
5.500000002029992E-4 1971 40
3.050000000257569E-4 3030 61
3.660000002128072E-4 3968 81
4.890000000159489E-4 965 19
4.269999999451102E-4 2039 41
4.269999999451102E-4 955 19
5.500000002029992E-4 975 19
6.109999999353022E-4 3036 57
6.709999997838167E-4 951 18
6.710000002385641E-4 993 19
3.050000000257569E-4 1979 32
3.059999999095453E-4 2939 69
3.050000000257569E-4 993 23
3.050000000257569E-4 3015 72
3.050000000257569E-4 2968 69
3.050000000257569E-4 1973 47
3.670000000965956E-4 987 23
3.6599999975805986E-4 989 21
3.660000002128072E-4 988 23
3.050000000257569E-4 3042 72
3.670000000965956E-4 948 22
3.050000000257569E-4 3009 72
3.059999999095453E-4 2020 48
6.710000002385641E-4 2100 40
4.269999999451102E-4 3807 84
3.660000002128072E-4 979 22
4.880000001321605E-4 3978 92
3.050000000257569E-4 1986 47
3.6599999975805986E-4 966 20
3.660000002128072E-4 991 23
3.050000000257569E-4 990 23
4.269999999451102E-4 2038 47
3.050000000257569E-4 954 22
3.660000002128072E-4 996 23
3.6699999964184826E-4 1995 45
3.050000000257569E-4 994 23
3.660000002128072E-4 990 23
3.050000000257569E-4 991 23
3.6599999975805986E-4 992 22
3.0499999957100954E-4 1986 47
3.660000002128072E-4 1991 46
3.6599999975805986E-4 994 23
3.0600000036429265E-4 994 23
3.050000000257569E-4 1993 46
3.6699999964184826E-4 4002 95
3.050000000257569E-4 1998 47
3.050000000257569E-4 948 22
3.6599999975805986E-4 994 22
3.0499999957100954E-4 2008 48
3.050000000257569E-4 1972 47
3.0600000036429265E-4 2012 48
3.050000000257569E-4 986 23
3.6599999975805986E-4 996 22
3.050000000257569E-4 2008 47
3.670000000965956E-4 986 23
3.050000000257569E-4 4991 118
3.670000000965956E-4 987 23
2.4399999983870657E-4 948 22
3.6599999975805986E-4 1028 24
3.050000000257569E-4 949 22
3.050000000257569E-4 9007 216
3.050000000257569E-4 3038 71
3.670000000965956E-4 988 23
3.6599999975805986E-4 2971 70
3.050000000257569E-4 988 23
3.059999999095453E-4 993 23
3.660000002128072E-4 949 22
3.050000000257569E-4 2013 46
3.050000000257569E-4 3951 95
4.880000001321605E-4 3990 92
4.269999999451102E-4 9994 209
3.670000000965956E-4 1975 41
3.050000000257569E-4 7043 137
3.670000000965956E-4 1947 43
3.050000000257569E-4 1002 23
3.6599999975805986E-4 958 21
3.050000000257569E-4 1027 24
4.270000003998575E-4 2987 66
3.050000000257569E-4 1971 47
3.050000000257569E-4 3960 93
3.670000000965956E-4 1986 46
3.050000000257569E-4 2023 48
3.6599999975805986E-4 952 22
3.660000002128072E-4 1044 23
3.670000000965956E-4 1929 45
3.050000000257569E-4 1028 24
3.050000000257569E-4 955 22
3.6599999975805986E-4 995 23
3.050000000257569E-4 993 23
3.6599999975805986E-4 3004 71
3.050000000257569E-4 1026 24
3.050000000257569E-4 3951 94
3.6599999975805986E-4 994 23
3.050000000257569E-4 3014 71
3.660000002128072E-4 992 23
3.050000000257569E-4 1986 44
3.6599999975805986E-4 3951 94
3.059999999095453E-4 2999 72
4.269999999451102E-4 2990 71
4.890000000159489E-4 976 22
4.269999999451102E-4 1011 24
4.880000001321605E-4 970 23
3.050000000257569E-4 2999 63
3.6599999975805986E-4 1037 18
3.660000002128072E-4 969 18
3.050000000257569E-4 1006 18
3.059999999095453E-4 961 18
3.050000000257569E-4 7020 166
3.050000000257569E-4 979 23
3.6599999975805986E-4 978 22
4.279999998288986E-4 1973 45
3.660000002128072E-4 3023 72
3.050000000257569E-4 995 22
3.660000002128072E-4 1951 46
3.6599999975805986E-4 998 23
3.6599999975805986E-4 7024 166
3.050000000257569E-4 1995 45
3.660000002128072E-4 2975 70
3.050000000257569E-4 3013 71
4.269999999451102E-4 1946 45
4.2800000028364593E-4 931 22
4.269999999451102E-4 1013 24
4.269999999451102E-4 1984 45
3.059999999095453E-4 2031 37
3.660000002128072E-4 3973 86
3.670000000965956E-4 970 23
3.050000000257569E-4 3977 96
3.6599999975805986E-4 2976 71
3.670000000965956E-4 3019 72
3.050000000257569E-4 967 23
3.660000002128072E-4 3974 97
3.670000000965956E-4 1039 25
3.050000000257569E-4 3984 98
3.050000000257569E-4 3023 69
3.660000002128072E-4 942 22
3.660000002128072E-4 3985 94
3.6599999975805986E-4 1011 22
3.050000000257569E-4 989 23
3.059999999095453E-4 990 23
3.660000002128072E-4 990 23
3.050000000257569E-4 1967 45
3.050000000257569E-4 988 23
3.6599999975805986E-4 991 23
3.050000000257569E-4 1999 47
3.050000000257569E-4 991 23
3.6599999975805986E-4 990 23
3.050000000257569E-4 989 22
3.050000000257569E-4 2014 47
3.660000002128072E-4 1028 24
3.050000000257569E-4 1981 47
3.6599999975805986E-4 1979 47
3.6699999964184826E-4 3954 94
3.050000000257569E-4 2043 48
3.050000000257569E-4 1976 46
3.6599999975805986E-4 988 22
3.059999999095453E-4 1025 23
3.050000000257569E-4 946 22
3.660000002128072E-4 988 23
3.050000000257569E-4 1035 24
3.050000000257569E-4 986 22
3.050000000257569E-4 1977 47
3.6599999975805986E-4 993 22
3.050000000257569E-4 1982 47
3.050000000257569E-4 2992 71
3.6599999975805986E-4 992 23
3.050000000257569E-4 3009 70
3.050000000257569E-4 3007 72
3.670000000965956E-4 1936 46
3.660000002128072E-4 1030 24
3.0499999957100954E-4 991 22
3.660000002128072E-4 1975 46
3.050000000257569E-4 3982 93
3.660000002128072E-4 1029 24
3.059999999095453E-4 985 22
3.050000000257569E-4 986 22
3.6599999975805986E-4 2020 48
3.660000002128072E-4 946 20
3.059999999095453E-4 1021 24
3.050000000257569E-4 3996 96
3.050000000257569E-4 941 22
4.2800000028364593E-4 1021 24
3.050000000257569E-4 3997 95
3.6599999975805986E-4 2974 69
3.050000000257569E-4 2030 48
3.059999999095453E-4 944 22
3.050000000257569E-4 6003 145
3.0499999957100954E-4 4019 97
3.670000000965956E-4 964 20
3.660000002128072E-4 1022 23
3.050000000257569E-4 2950 71
3.660000002128072E-4 2987 72
3.6599999975805986E-4 1022 23
3.0499999957100954E-4 2981 72
3.050000000257569E-4 2020 47
3.0600000036429265E-4 1954 47
3.6599999975805986E-4 1018 23
3.050000000257569E-4 2971 71
3.6699999964184826E-4 1985 46
3.050000000257569E-4 1019 24
3.050000000257569E-4 979 23
3.660000002128072E-4 979 22
3.059999999095453E-4 1994 48
3.050000000257569E-4 1997 48
3.660000002128072E-4 979 23
3.050000000257569E-4 1019 24
3.670000000965956E-4 981 23
3.050000000257569E-4 1991 46
3.6599999975805986E-4 978 23
3.050000000257569E-4 1018 23
3.6599999975805986E-4 2001 46
3.050000000257569E-4 1997 48
3.660000002128072E-4 979 22
3.050000000257569E-4 4990 119
3.660000002128072E-4 6012 145
3.059999999095453E-4 941 21
3.050000000257569E-4 3021 73
3.050000000257569E-4 1997 47
3.050000000257569E-4 1995 48
3.050000000257569E-4 2979 72
3.670000000965956E-4 1038 24
3.050000000257569E-4 929 21
3.050000000257569E-4 5996 145
3.050000000257569E-4 3994 96
3.660000002128072E-4 2022 48
3.050000000257569E-4 1957 47
3.6699999964184826E-4 1016 24
3.660000002128072E-4 980 22
3.660000002128072E-4 1009 22
3.050000000257569E-4 1953 47
3.0600000036429265E-4 1023 24
3.6599999975805986E-4 1015 23
3.660000002128072E-4 938 22
3.050000000257569E-4 1017 24
3.050000000257569E-4 3996 98
3.660000002128072E-4 1020 23
3.6599999975805986E-4 968 23
3.059999999095453E-4 969 23
3.050000000257569E-4 2010 49
3.050000000257569E-4 1004 24
3.050000000257569E-4 1001 23
3.6599999975805986E-4 965 23
3.670000000965956E-4 1009 24
3.050000000257569E-4 970 23
3.050000000257569E-4 1004 24
3.059999999095453E-4 2990 73
3.050000000257569E-4 1006 24
3.660000002128072E-4 1966 48
3.6599999975805986E-4 1034 24
7.940000000417058E-4 944 18
3.050000000257569E-4 4971 114
5.489999998644635E-4 1012 23
3.6599999975805986E-4 6986 171
3.050000000257569E-4 974 22
3.050000000257569E-4 1998 49
3.6599999975805986E-4 2016 49
3.660000002128072E-4 1023 24
3.050000000257569E-4 1923 45
3.660000002128072E-4 1024 23
3.050000000257569E-4 5962 145
3.6599999975805986E-4 1036 25
3.050000000257569E-4 987 23
3.059999999095453E-4 965 23
3.660000002128072E-4 1028 24
3.660000002128072E-4 1982 48
3.059999999095453E-4 6964 172
3.050000000257569E-4 2028 49
3.6599999975805986E-4 966 23
3.6599999975805986E-4 1968 48
3.670000000965956E-4 1038 25
3.050000000257569E-4 964 23
3.050000000257569E-4 2969 73
3.0600000036429265E-4 997 23
3.0499999957100954E-4 999 24
3.660000002128072E-4 993 23
3.050000000257569E-4 4996 121
3.050000000257569E-4 6990 171
3.660000002128072E-4 3034 74
3.050000000257569E-4 4971 118
3.6599999975805986E-4 5978 147
3.660000002128072E-4 3990 98
3.050000000257569E-4 997 24
3.050000000257569E-4 2003 49
3.660000002128072E-4 1998 49
3.6599999975805986E-4 986 23
3.6599999975805986E-4 3998 98
3.050000000257569E-4 1946 48
3.670000000965956E-4 1030 25
3.660000002128072E-4 3987 98
3.050000000257569E-4 960 22
3.059999999095453E-4 998 24
4.269999999451102E-4 1041 25
3.050000000257569E-4 956 23
3.050000000257569E-4 1991 48
3.050000000257569E-4 1996 49
3.050000000257569E-4 5973 146
3.6599999975805986E-4 1002 23
3.6599999975805986E-4 4025 100
3.050000000257569E-4 6972 171
3.050000000257569E-4 996 24
3.050000000257569E-4 2993 74
3.050000000257569E-4 4989 122
3.050000000257569E-4 2972 73
3.050000000257569E-4 3010 74
3.6599999975805986E-4 995 24
3.0600000036429265E-4 1997 49
3.6599999975805986E-4 990 23
3.660000002128072E-4 995 24
3.050000000257569E-4 954 22
3.0499999957100954E-4 1002 24
3.0600000036429265E-4 1002 24
3.6599999975805986E-4 998 24
3.050000000257569E-4 1989 49
3.660000002128072E-4 999 24
3.050000000257569E-4 5981 149
3.050000000257569E-4 4987 123
3.6599999975805986E-4 4015 99
3.050000000257569E-4 969 21
3.670000000965956E-4 1009 24
3.050000000257569E-4 966 23
3.050000000257569E-4 1006 24
3.670000000965956E-4 8995 221
3.660000002128072E-4 992 24
3.050000000257569E-4 985 24
3.0499999957100954E-4 987 24
3.660000002128072E-4 4025 100
3.050000000257569E-4 1950 48
3.059999999095453E-4 995 24
3.050000000257569E-4 4004 99
3.660000002128072E-4 3032 74
3.6599999975805986E-4 4983 124
3.050000000257569E-4 1954 47
3.059999999095453E-4 2006 49
3.6599999975805986E-4 1964 48
3.050000000257569E-4 998 23
3.059999999095453E-4 2034 48
3.050000000257569E-4 954 22
3.6599999975805986E-4 998 24
3.050000000257569E-4 2000 49
3.670000000965956E-4 1988 48
3.050000000257569E-4 997 24
3.0499999957100954E-4 990 24
3.660000002128072E-4 992 23
3.050000000257569E-4 1000 24
3.660000002128072E-4 1993 48
3.6599999975805986E-4 1004 24
3.050000000257569E-4 1000 24
3.050000000257569E-4 2948 72
3.6599999975805986E-4 3011 75
3.050000000257569E-4 993 23
3.050000000257569E-4 2992 74
3.670000000965956E-4 2996 74
3.050000000257569E-4 999 24
3.0499999957100954E-4 2973 73
3.0600000036429265E-4 998 23
3.050000000257569E-4 986 23
3.050000000257569E-4 1997 49
3.6599999975805986E-4 3004 74
3.050000000257569E-4 1005 24
3.050000000257569E-4 4986 122
3.660000002128072E-4 1955 48
3.660000002128072E-4 3029 72
3.050000000257569E-4 1963 48
3.050000000257569E-4 4999 121
3.6599999975805986E-4 1022 23
3.0600000036429265E-4 945 22
3.0499999957100954E-4 1022 24
3.050000000257569E-4 2000 47
3.670000000965956E-4 1991 47
3.050000000257569E-4 4979 119
3.6599999975805986E-4 1967 46
3.660000002128072E-4 987 23
3.050000000257569E-4 1021 24
3.670000000965956E-4 2021 47
3.050000000257569E-4 2972 71
3.6599999975805986E-4 982 23
3.050000000257569E-4 1994 47
3.050000000257569E-4 2000 48
3.050000000257569E-4 2981 71
3.050000000257569E-4 944 22
3.6599999975805986E-4 1023 24
3.050000000257569E-4 1023 24
3.660000002128072E-4 940 21
3.670000000965956E-4 1042 25
3.050000000257569E-4 2991 73
3.6599999975805986E-4 997 24
3.050000000257569E-4 2942 71
3.6599999975805986E-4 1003 23
3.050000000257569E-4 964 23
3.670000000965956E-4 1005 24
3.050000000257569E-4 1007 23
3.6599999975805986E-4 1968 48
3.050000000257569E-4 1045 25
3.670000000965956E-4 984 22
3.050000000257569E-4 2003 48
3.050000000257569E-4 942 22
3.660000002128072E-4 1997 47
3.660000002128072E-4 1989 46
3.050000000257569E-4 5004 120
3.6599999975805986E-4 2006 48
3.050000000257569E-4 979 22
3.670000000965956E-4 1008 23
3.050000000257569E-4 1956 47
3.6599999975805986E-4 1061 25
3.050000000257569E-4 977 22
3.670000000965956E-4 977 23
2.4500000017724233E-4 5956 144
3.6599999975805986E-4 1022 23
3.660000002128072E-4 1017 24
3.050000000257569E-4 979 23
3.050000000257569E-4 977 23
3.6699999964184826E-4 1001 23
3.050000000257569E-4 1994 48
3.050000000257569E-4 4019 96
3.660000002128072E-4 979 23
3.050000000257569E-4 942 22
3.050000000257569E-4 1017 24
3.6599999975805986E-4 984 23
3.0600000036429265E-4 1021 24
3.6599999975805986E-4 968 22
3.050000000257569E-4 1994 49
3.660000002128072E-4 997 24
3.059999999095453E-4 1015 24
3.050000000257569E-4 952 23
3.6599999975805986E-4 995 24
3.660000002128072E-4 1030 25
3.050000000257569E-4 997 24
3.059999999095453E-4 963 23
3.6599999975805986E-4 995 24
3.050000000257569E-4 993 23
3.050000000257569E-4 985 23
3.670000000965956E-4 1991 48
3.050000000257569E-4 6985 174
3.6599999975805986E-4 1033 25
3.050000000257569E-4 1949 47
6.709999997838167E-4 1998 11
4.2800000028364593E-4 983 23
3.660000002128072E-4 3994 100
3.660000002128072E-4 4023 100
3.0499999957100954E-4 1981 48
3.670000000965956E-4 960 23
3.050000000257569E-4 1034 25
3.660000002128072E-4 956 23
3.6599999975805986E-4 1026 25
3.050000000257569E-4 988 24
3.670000000965956E-4 955 22
3.050000000257569E-4 990 23
3.6599999975805986E-4 1029 25
3.050000000257569E-4 1973 49
3.660000002128072E-4 2011 49
3.050000000257569E-4 985 24
3.050000000257569E-4 986 24
3.050000000257569E-4 4020 101
3.050000000257569E-4 1957 48
3.670000000965956E-4 1024 25
3.050000000257569E-4 945 22
3.050000000257569E-4 3002 75
3.050000000257569E-4 2023 49
3.050000000257569E-4 954 23
3.050000000257569E-4 991 24
3.6599999975805986E-4 1028 25
3.670000000965956E-4 1978 48
3.050000000257569E-4 1986 49
3.660000002128072E-4 1027 25
3.050000000257569E-4 986 24
3.050000000257569E-4 9976 249
3.670000000965956E-4 999 24
3.6599999975805986E-4 997 24
3.050000000257569E-4 997 24
3.050000000257569E-4 2967 73
3.670000000965956E-4 1028 25
3.660000002128072E-4 1967 46
3.050000000257569E-4 957 23
3.050000000257569E-4 995 24
3.6699999964184826E-4 1031 25
3.050000000257569E-4 982 23
3.6599999975805986E-4 2977 74
3.660000002128072E-4 1997 48
3.050000000257569E-4 1992 49
3.6599999975805986E-4 995 23
3.6599999975805986E-4 4021 98
3.670000000965956E-4 1977 49
3.050000000257569E-4 953 23
3.6599999975805986E-4 1029 24
3.050000000257569E-4 983 23
3.059999999095453E-4 1978 49
3.050000000257569E-4 1991 48
3.660000002128072E-4 989 23
3.0499999957100954E-4 983 24
3.6599999975805986E-4 2994 74
3.050000000257569E-4 983 23
3.660000002128072E-4 1046 24
3.6599999975805986E-4 2947 74
3.0600000036429265E-4 4018 100
3.050000000257569E-4 1971 49
3.050000000257569E-4 2013 50
3.050000000257569E-4 3999 100
3.660000002128072E-4 4953 124
3.0600000036429265E-4 2004 50
3.050000000257569E-4 4014 99
3.059999999095453E-4 1985 49
3.660000002128072E-4 988 24
3.660000002128072E-4 5999 149
3.050000000257569E-4 996 24
3.0499999957100954E-4 988 24
3.660000002128072E-4 4002 90
3.660000002128072E-4 5988 149
3.059999999095453E-4 982 23
3.050000000257569E-4 984 24
3.050000000257569E-4 2970 72
3.050000000257569E-4 2014 50
3.050000000257569E-4 987 24
3.660000002128072E-4 990 23
3.050000000257569E-4 1025 25
3.6599999975805986E-4 946 23
3.059999999095453E-4 6010 148
3.660000002128072E-4 3015 76
0.0014029999997546838 2003 36
3.670000000965956E-4 920 22
4.269999999451102E-4 2015 48
3.6599999975805986E-4 1018 24
3.059999999095453E-4 1998 49
3.660000002128072E-4 986 23
3.050000000257569E-4 979 24
3.670000000965956E-4 2994 73
3.6599999975805986E-4 978 24
3.660000002128072E-4 1998 50
3.050000000257569E-4 983 23
3.0499999957100954E-4 2974 75
3.059999999095453E-4 2995 73
3.670000000965956E-4 4993 124
3.6599999975805986E-4 1001 22
3.050000000257569E-4 3002 75
3.6599999975805986E-4 3014 74
3.6599999975805986E-4 2998 74
3.059999999095453E-4 990 24
3.050000000257569E-4 2960 72
3.6599999975805986E-4 988 24
3.059999999095453E-4 1031 25
3.660000002128072E-4 978 22
4.269999999451102E-4 3973 86
4.270000003998575E-4 963 23
3.050000000257569E-4 1017 24
3.6699999964184826E-4 990 23
3.050000000257569E-4 968 21
3.050000000257569E-4 2015 50
3.6599999975805986E-4 992 24
3.050000000257569E-4 2949 72
3.660000002128072E-4 1019 24
3.0499999957100954E-4 981 23
3.660000002128072E-4 1018 25
7.930000001579174E-4 1994 50
7.329999998546555E-4 998 22
3.050000000257569E-4 1951 48
3.050000000257569E-4 986 24
3.660000002128072E-4 987 23
3.6599999975805986E-4 3033 76
3.670000000965956E-4 2962 72
3.050000000257569E-4 996 24
3.050000000257569E-4 1023 23
4.269999999451102E-4 989 24
3.050000000257569E-4 3965 98
3.050000000257569E-4 1024 25
3.670000000965956E-4 1963 47
3.050000000257569E-4 990 24
3.050000000257569E-4 3004 74
3.6699999964184826E-4 1974 49
2.4400000029345392E-4 984 24
4.269999999451102E-4 1028 22
3.059999999095453E-4 2973 74
3.050000000257569E-4 1996 48
3.660000002128072E-4 1004 24
3.6599999975805986E-4 963 23
3.0600000036429265E-4 1017 23
3.050000000257569E-4 1967 48
3.660000002128072E-4 1006 24
3.6599999975805986E-4 3006 73
3.050000000257569E-4 2979 71
3.0600000036429265E-4 2008 49
3.6599999975805986E-4 1001 23
3.0499999957100954E-4 2970 73
3.670000000965956E-4 983 22
3.050000000257569E-4 1002 23
3.660000002128072E-4 1006 24
3.6599999975805986E-4 2002 48
3.660000002128072E-4 1966 47
3.050000000257569E-4 2006 48
3.6599999975805986E-4 967 23
3.0600000036429265E-4 1005 24
7.319999999708671E-4 1003 22
3.6599999975805986E-4 1954 40
3.660000002128072E-4 3010 71
3.0499999957100954E-4 969 23
3.660000002128072E-4 968 23
3.6599999975805986E-4 3018 73
3.050000000257569E-4 1010 24
3.670000000965956E-4 1959 46
3.050000000257569E-4 1008 24
3.050000000257569E-4 4990 122
3.660000002128072E-4 2985 72
3.6699999964184826E-4 999 24
3.050000000257569E-4 961 23
3.050000000257569E-4 1008 23
3.0600000036429265E-4 3993 96
3.6599999975805986E-4 5964 147
3.6599999975805986E-4 3025 76
3.660000002128072E-4 2993 75
3.6599999975805986E-4 3962 97
3.0499999957100954E-4 3029 76
3.050000000257569E-4 3980 98
3.6599999975805986E-4 993 24
3.050000000257569E-4 957 23
3.6599999975805986E-4 3021 75
3.050000000257569E-4 983 24
3.660000002128072E-4 1021 25
3.050000000257569E-4 7998 198
3.6599999975805986E-4 954 23
3.050000000257569E-4 991 24
3.059999999095453E-4 985 24
3.660000002128072E-4 1023 25
3.050000000257569E-4 1970 49
3.660000002128072E-4 1026 25
3.059999999095453E-4 946 23
3.6599999975805986E-4 3019 74
3.050000000257569E-4 999 24
3.050000000257569E-4 2979 74
3.050000000257569E-4 6976 174
3.660000002128072E-4 3022 75
3.050000000257569E-4 1988 47
3.660000002128072E-4 994 23
3.050000000257569E-4 1980 48
3.6599999975805986E-4 980 23
3.670000000965956E-4 3031 75
3.050000000257569E-4 954 23
3.6599999975805986E-4 1025 25
3.050000000257569E-4 983 24
3.050000000257569E-4 989 24
3.670000000965956E-4 985 24
3.6599999975805986E-4 986 24
3.660000002128072E-4 2012 49
3.059999999095453E-4 2991 75
3.050000000257569E-4 958 23
3.050000000257569E-4 997 24
3.6599999975805986E-4 2029 49
3.050000000257569E-4 8977 225
3.6699999964184826E-4 1966 48
3.050000000257569E-4 1989 49
3.050000000257569E-4 3006 74
3.0600000036429265E-4 990 24
3.6599999975805986E-4 1028 25
3.660000002128072E-4 1959 49
3.059999999095453E-4 1997 49
3.050000000257569E-4 2964 74
3.6599999975805986E-4 1023 24
3.050000000257569E-4 2016 50
3.660000002128072E-4 958 22
3.0499999957100954E-4 992 24
3.050000000257569E-4 985 24
3.6599999975805986E-4 5049 125
3.050000000257569E-4 2934 73
3.050000000257569E-4 1029 25
3.6599999975805986E-4 995 24
3.059999999095453E-4 6964 174
3.660000002128072E-4 996 24
3.050000000257569E-4 995 24
3.050000000257569E-4 987 24
3.6599999975805986E-4 984 24
3.660000002128072E-4 2010 49
3.050000000257569E-4 2014 50
3.660000002128072E-4 3959 98
3.660000002128072E-4 2015 49
3.059999999095453E-4 991 24
3.660000002128072E-4 989 24
3.050000000257569E-4 1978 49
3.670000000965956E-4 3021 75
3.660000002128072E-4 2981 74
3.059999999095453E-4 1984 48
3.660000002128072E-4 989 24
3.050000000257569E-4 985 24
3.050000000257569E-4 1998 49
3.6599999975805986E-4 2021 48
3.050000000257569E-4 957 22
3.050000000257569E-4 1033 25
3.660000002128072E-4 993 24
3.670000000965956E-4 995 24
3.050000000257569E-4 1993 48
3.050000000257569E-4 1955 48
3.670000000965956E-4 1014 23
3.050000000257569E-4 994 23
3.660000002128072E-4 3007 74
3.050000000257569E-4 1973 49
3.660000002128072E-4 2004 49
3.050000000257569E-4 1974 49
3.670000000965956E-4 1025 25
3.0499999957100954E-4 947 23
3.660000002128072E-4 1021 25
3.670000000965956E-4 2953 74
3.660000002128072E-4 4004 99
3.6599999975805986E-4 2025 50
3.050000000257569E-4 1981 49
3.050000000257569E-4 988 24
3.6599999975805986E-4 1982 48
3.050000000257569E-4 990 24
3.0600000036429265E-4 3018 76
3.6599999975805986E-4 1010 24
3.050000000257569E-4 986 23
3.050000000257569E-4 989 24
3.050000000257569E-4 1973 49
3.6699999964184826E-4 983 24
3.6599999975805986E-4 4024 100
3.0600000036429265E-4 997 23
3.6599999975805986E-4 998 24
3.660000002128072E-4 1930 47
3.059999999095453E-4 2011 49
3.050000000257569E-4 988 24
3.660000002128072E-4 980 23
3.6599999975805986E-4 2042 51
3.050000000257569E-4 1979 47
3.6599999975805986E-4 991 24
3.050000000257569E-4 1981 49
3.670000000965956E-4 983 24
3.050000000257569E-4 1979 49
3.050000000257569E-4 1023 24
3.050000000257569E-4 4983 124
3.660000002128072E-4 1996 50
3.050000000257569E-4 3965 99
3.660000002128072E-4 1031 25
3.050000000257569E-4 9005 226
3.660000002128072E-4 949 23
7.329999998546555E-4 1011 21
5.500000002029992E-4 2020 43
4.8799999967741314E-4 979 20
4.8799999967741314E-4 6022 127
3.6599999975805986E-4 1966 34
3.050000000257569E-4 979 17
3.050000000257569E-4 952 17
3.660000002128072E-4 1053 25
3.660000002128072E-4 3957 98
3.0600000036429265E-4 1966 49
3.6599999975805986E-4 985 23
3.6699999964184826E-4 4009 99
3.660000002128072E-4 989 24
3.050000000257569E-4 984 24
3.050000000257569E-4 5034 125
3.059999999095453E-4 2938 71
3.6599999975805986E-4 8016 196
3.050000000257569E-4 995 24
3.660000002128072E-4 984 23
3.050000000257569E-4 2992 74
3.6599999975805986E-4 1038 23
3.059999999095453E-4 1970 49
4.269999999451102E-4 2998 74
3.059999999095453E-4 1977 49
3.660000002128072E-4 1013 22
5.489999998644635E-4 1997 48
3.050000000257569E-4 3970 97
3.0600000036429265E-4 1961 46
3.050000000257569E-4 2004 50
3.660000002128072E-4 1025 25
3.6599999975805986E-4 956 23
3.059999999095453E-4 1032 25
3.050000000257569E-4 2978 73
3.050000000257569E-4 947 23
3.050000000257569E-4 3008 75
3.050000000257569E-4 996 24
3.6599999975805986E-4 991 23
3.0600000036429265E-4 994 24
3.050000000257569E-4 2015 50
3.660000002128072E-4 986 24
3.050000000257569E-4 4002 100
3.050000000257569E-4 986 24
3.6599999975805986E-4 987 24
3.660000002128072E-4 986 24
3.059999999095453E-4 1017 25
3.660000002128072E-4 1961 48
3.050000000257569E-4 1031 25
3.670000000965956E-4 1983 47
3.660000002128072E-4 2996 75
3.050000000257569E-4 949 23
3.660000002128072E-4 2057 49
4.880000001321605E-4 1986 48
2.4400000029345392E-4 4983 123
3.6599999975805986E-4 984 24
3.670000000965956E-4 988 23
3.050000000257569E-4 3974 97
3.059999999095453E-4 994 24
3.660000002128072E-4 985 23
3.6599999975805986E-4 1019 25
3.050000000257569E-4 983 24
6.100000000515138E-4 3994 98
3.0499999957100954E-4 983 24
3.670000000965956E-4 979 23
3.050000000257569E-4 982 24
3.050000000257569E-4 2042 50
3.050000000257569E-4 1957 47
3.050000000257569E-4 3985 100
3.050000000257569E-4 6017 152
3.050000000257569E-4 2970 71
3.0499999957100954E-4 5012 125
3.059999999095453E-4 2993 75
3.660000002128072E-4 987 24
3.050000000257569E-4 977 23
3.6599999975805986E-4 993 24
3.050000000257569E-4 989 24
3.670000000965956E-4 993 24
3.050000000257569E-4 2036 49
3.050000000257569E-4 953 22
3.050000000257569E-4 1030 25
4.2800000028364593E-4 983 23
3.6599999975805986E-4 3003 75
3.050000000257569E-4 954 23
3.670000000965956E-4 2009 50
3.660000002128072E-4 3027 75
3.6699999964184826E-4 1965 49
3.050000000257569E-4 988 24
3.050000000257569E-4 987 24
3.050000000257569E-4 1966 48
3.670000000965956E-4 1013 24
3.050000000257569E-4 988 24
3.0499999957100954E-4 988 24
3.660000002128072E-4 988 24
3.670000000965956E-4 2005 50
3.050000000257569E-4 1996 50
3.660000002128072E-4 1010 24
3.050000000257569E-4 988 24
3.050000000257569E-4 3986 100
3.050000000257569E-4 1020 24
3.050000000257569E-4 949 23
3.050000000257569E-4 2029 49
3.6599999975805986E-4 948 23
3.6699999964184826E-4 3033 76
3.6699999964184826E-4 4986 125
3.050000000257569E-4 2999 75
3.670000000965956E-4 2010 48
3.050000000257569E-4 1942 48
3.050000000257569E-4 2011 50
3.660000002128072E-4 4012 100
3.050000000257569E-4 985 24
3.670000000965956E-4 2000 50
3.6599999975805986E-4 2971 74
3.6599999975805986E-4 3007 73
3.660000002128072E-4 1012 24
3.050000000257569E-4 1933 47
3.6699999964184826E-4 1011 24
3.050000000257569E-4 1009 24
3.050000000257569E-4 969 23
6.710000002385641E-4 1055 22
6.109999999353022E-4 916 17
4.269999999451102E-4 983 18
3.059999999095453E-4 4025 95
3.660000002128072E-4 1007 24
3.050000000257569E-4 1934 45
6.709999997838167E-4 3015 72
6.720000001223525E-4 1007 22
3.6599999975805986E-4 1940 47
3.050000000257569E-4 1010 24
3.050000000257569E-4 4989 121
3.660000002128072E-4 1005 24
3.050000000257569E-4 6007 145
3.6599999975805986E-4 1948 47
3.050000000257569E-4 1004 24
3.660000002128072E-4 1002 23
3.059999999095453E-4 2006 48
3.6599999975805986E-4 3996 98
3.0499999957100954E-4 1963 47
3.050000000257569E-4 6003 147
3.050000000257569E-4 1004 24
3.660000002128072E-4 961 23
3.6599999975805986E-4 2004 48
3.6599999975805986E-4 3027 72
3.050000000257569E-4 964 23
3.0499999957100954E-4 5040 123
3.6699999964184826E-4 5969 147
3.660000002128072E-4 1005 24
3.050000000257569E-4 1965 48
3.6599999975805986E-4 2992 73
3.050000000257569E-4 2001 47
3.0499999957100954E-4 964 23
3.670000000965956E-4 1004 24
3.050000000257569E-4 1001 23
3.050000000257569E-4 990 23
3.6599999975805986E-4 2010 49
3.050000000257569E-4 1004 24
3.050000000257569E-4 4951 119
3.050000000257569E-4 3014 73
3.6599999975805986E-4 1005 23
3.050000000257569E-4 1008 24
3.050000000257569E-4 3958 96
3.050000000257569E-4 1006 24
3.670000000965956E-4 1008 24
3.050000000257569E-4 1978 47
3.6599999975805986E-4 968 23
3.660000002128072E-4 1008 24
3.050000000257569E-4 2000 48
3.6599999975805986E-4 983 24
3.050000000257569E-4 1020 24
3.660000002128072E-4 5964 148
3.6599999975805986E-4 4001 98
3.059999999095453E-4 3005 74
3.050000000257569E-4 2975 72
3.050000000257569E-4 2978 72
3.6599999975805986E-4 3026 73
2.4500000017724233E-4 972 23
3.050000000257569E-4 969 23
4.269999999451102E-4 1010 23
totals: 0.7456029999971179 2107 8.924722474E9 100000
