0.03167699999175966 8929283252 8
0.032470000005559996 1991 48
0.033874000000650994 3027 74
0.03393599999253638 1958 48
0.03375200000300538 3026 74
0.032287999987602234 956 23
0.03234900000097696 1976 48
0.03363099999842234 2029 50
0.03320299999904819 997 24
0.03314200000022538 995 23
0.03332500001124572 1000 24
0.032043999992311 957 23
0.033629999990807846 2030 48
0.03350900000077672 996 24
0.03216499999689404 959 23
0.033508000007714145 1004 24
0.03369199999724515 1000 23
0.033752999996067956 1991 48
0.03222600001026876 1965 47
0.03179999999701977 1997 49
0.033874000000650994 998 24
0.032470999998622574 8000 197
0.032470999998622574 3988 98
0.03411799999594223 4022 99
0.0346070000086911 1964 47
0.03393599999253638 1999 48
0.03375200000300538 1006 24
0.03375300001061987 1003 24
0.032836999991559424 2972 72
0.033997000005911104 3004 74
0.03326500000548549 1949 47
0.03405800000473391 2044 50
0.03167699999175966 960 22
0.033997000005911104 1004 24
0.03283700000611134 2964 72
0.033629999990807846 1000 24
0.03350900000077672 999 24
0.03411800001049414 1002 24
0.032165000011445954 1968 47
0.033813999994890764 2041 50
0.032104000012623146 948 22
0.033936000007088296 3034 74
0.03454599999531638 2995 73
0.032105000005685724 956 22
0.033874000000650994 1005 23
0.03369199999724515 999 24
0.03381400000944268 1999 49
0.04126000001269858 1977 48
0.0400999999983469 982 24
0.038086000000475906 961 22
0.05071999999927357 4985 53
0.04852299999038223 1984 40
0.05456500001309905 1032 22
0.03204299999924842 2940 67
0.03308100000140257 1008 23
0.03234900000097696 1997 37
0.03131099999882281 2001 39
0.03418000000237953 1005 23
0.03478999999060761 2978 74
0.03356900000653695 963 22
0.03558399999747053 1029 25
0.034851000003982335 1981 48
0.03491199998825323 2996 73
0.033997000005911104 998 24
0.03497300000162795 1989 48
0.03472900000633672 1001 24
0.03271499999391381 956 22
0.031128000002354383 6049 137
0.03478999999060761 3941 87
0.033263999997871 967 23
0.03546100000676233 1029 25
0.033263999997871 964 23
0.03448499999649357 994 24
0.03503400000045076 2996 74
0.03283700000611134 1995 49
0.03466800000751391 1998 49
0.03308100000140257 1983 49
0.03509499999927357 1030 25
0.0360110000037821 2008 46
0.03289799999038223 1928 47
0.03546199999982491 1043 25
0.03479000000515953 997 24
0.03430099999241065 995 24
0.03424100000120234 997 24
0.03308100000140257 4946 119
0.035644999996293336 1029 25
0.035156999991158955 3985 97
0.033874000000650994 994 24
0.03478999999060761 1996 48
0.035766000000876375 987 22
0.03479000000515953 2006 42
0.03387499999371357 976 21
0.03747500000463333 1024 23
0.033020000002579764 985 23
0.03356999999959953 963 23
0.03570499998750165 1041 24
0.033813999994890764 2942 72
0.03375200000300538 2003 48
0.03460699999413919 3010 74
0.03375200000300538 5972 146
0.03643799999554176 2043 50
0.03478999999060761 1950 48
0.032043999992311 1979 45
0.03430100000696257 3974 98
0.03497300000162795 4015 99
0.03448499999649357 991 24
0.03552200000558514 1029 25
0.03503400000045076 1990 49
0.03479000000515953 996 24
0.03295899998920504 953 23
0.03521800000453368 3021 73
0.03356899999198504 958 23
0.03552299999864772 2038 50
0.03539999999338761 1994 49
0.03350900000077672 957 23
0.03424000000813976 996 23
0.03448499999649357 1004 24
0.03527799999574199 2005 48
0.034912000002805144 1013 24
0.034362999998847954 1960 46
0.03375200000300538 996 24
0.03356899999198504 6001 147
0.034362999998847954 997 24
0.03454599999531638 1991 48
0.034485000011045486 994 24
0.033631000012974255 3976 97
0.03539999999338761 1031 25
0.03326500000548549 1981 47
0.03479000000515953 5011 123
0.03472900000633672 3963 96
0.03350799999316223 3009 74
0.03424100000120234 990 24
0.034362999998847954 1985 49
0.035582999989856035 1017 23
0.03442399999767076 3009 74
0.03216499999689404 951 22
0.035828000007313676 1030 25
0.032775999992736615 951 23
0.03430100000696257 990 24
0.03576699999393895 1041 24
0.03424100000120234 994 24
0.03405699999711942 1988 49
0.03405800000473391 997 24
0.034118999989004806 986 23
0.03454599999531638 2003 50
0.033813999994890764 1006 23
0.03253099998983089 1961 48
0.034546000009868294 983 24
0.03595000000495929 4044 101
0.034362000005785376 3976 98
0.03430099999241065 1979 48
0.03454599999531638 990 24
0.033813999994890764 1983 48
0.03558300000440795 1034 25
0.03338600001006853 3971 99
0.03582799999276176 1029 25
0.0346070000086911 2956 73
0.03454599999531638 5014 125
0.03466800000751391 1000 24
0.03595000000495929 2008 48
0.03271499999391381 950 23
0.03411900000355672 2024 50
0.034302000000025146 989 24
0.03344699999433942 1975 49
0.03271400000085123 6977 173
0.03369199999724515 2014 47
0.03356900000653695 995 24
0.03350799999316223 2985 74
0.0360110000037821 1030 25
0.035521999991033226 2996 74
0.034239999993587844 2998 75
0.03350900000077672 953 23
0.03411800001049414 991 24
0.0333260000043083 4008 99
0.03515600001264829 2020 50
0.03460699999413919 996 24
0.034362999998847954 992 24
0.033874000000650994 1945 48
0.03399699999135919 2016 48
0.03399599999829661 2999 74
0.03387499999371357 990 24
0.034362000005785376 993 24
0.03424100000120234 990 24
0.03479000000515953 6030 151
0.03363099999842234 3951 97
0.035400000007939525 2044 51
0.03595000000495929 2983 74
0.032836999991559424 952 23
0.035889000006136484 1049 23
0.032347999993362464 946 22
0.03472900000633672 2027 49
0.03369199999724515 986 23
0.034912000002805144 3980 97
0.03472900000633672 3001 75
0.03478999999060761 999 24
0.034239999993587844 4017 99
0.035766000000876375 4999 125
0.03448499999649357 981 24
0.03460699999413919 3958 99
0.03503400000045076 2015 50
0.03344699999433942 2971 74
0.033263999997871 3001 73
0.036438000010093674 1034 25
0.03503400000045076 1968 49
0.03289799999038223 5988 149
0.03601000001071952 999 23
0.032531000004382804 3986 99
0.03405699999711942 2005 49
0.03558400001202244 1021 24
0.0339349999994738 989 24
0.03472900000633672 4989 125
0.03448499999649357 3998 100
0.03418000000237953 986 24
0.034728999991784804 988 24
0.033997000005911104 1994 48
0.034302000000025146 4002 100
0.033508000007714145 5947 148
0.034912000002805144 1037 24
0.034667999992961995 990 24
0.034178999994765036 3966 98
0.03454599999531638 990 24
0.03558400001202244 1030 25
0.03424100000120234 2999 75
0.03405800000473391 984 24
0.0339349999994738 978 23
0.034057999990182 991 24
0.03301999998802785 10994 276
0.034302000000025146 2011 49
0.033936000007088296 988 24
0.03497300000162795 1024 24
0.03277600000728853 1944 47
0.033690999989630654 2029 50
0.033936000007088296 988 24
0.03424099998665042 1979 49
0.03479000000515953 1020 24
0.03405699999711942 990 23
0.03448499999649357 6985 174
0.03356900000653695 2980 74
0.035705999995116144 1027 25
0.03356900000653695 983 23
0.03418000000237953 984 24
0.03417900000931695 3989 98
0.03527899998880457 1023 25
0.03479000000515953 991 24
0.03448499999649357 2011 50
0.03314200000022538 2936 72
0.034546000009868294 3011 75
0.033874000000650994 986 24
0.03411800001049414 3018 75
0.03448499999649357 988 23
0.033752999996067956 989 24
0.035766000000876375 1024 25
0.0359489999973448 3998 100
0.03350900000077672 980 22
0.034851000003982335 1982 49
0.03448499999649357 2970 74
0.03442400001222268 983 24
0.0353389999945648 2027 50
0.033874000000650994 981 23
0.03582799999276176 1027 25
0.03283700000611134 945 23
0.03515599999809638 1029 25
0.034302000000025146 987 24
0.03405800000473391 988 24
0.03564400000323076 1023 25
0.03497300000162795 2999 75
0.033752999996067956 1948 48
0.035705000002053566 1026 25
0.033997000005911104 2970 72
0.03509499999927357 5017 125
0.03424100000120234 984 24
0.03454599999531638 1998 49
0.034302000000025146 995 24
0.03442399999767076 994 24
0.03533900000911672 1031 25
0.03363000000535976 1935 48
0.03594999999040738 1019 25
0.033813000001828186 983 24
0.03472900000633672 999 23
0.03369100000418257 2012 48
0.03399699999135919 982 24
0.03472900000633672 2007 49
0.03546099999221042 2010 50
0.03363099999842234 969 22
0.035705000002053566 1023 25
0.03277600000728853 946 22
0.03418000000237953 2005 49
0.03558300000440795 1024 25
0.03539999999338761 11012 273
0.0346070000086911 993 24
0.03454599999531638 4982 125
0.03491299999586772 4992 124
0.034362000005785376 2955 74
0.03479000000515953 2003 50
0.0354010000010021 4025 101
0.03424000000813976 987 24
0.03387499999371357 988 24
0.03552299999864772 2004 49
0.03405800000473391 1980 48
0.033874000000650994 993 24
0.03472900000633672 1986 49
0.03527799999574199 1025 25
0.03588799999852199 4001 99
0.03387500000826549 985 24
0.03448499999649357 991 23
0.03363000000535976 982 24
0.03497300000162795 2009 50
0.03271499999391381 3962 98
0.035523000013199635 1020 25
0.034485000011045486 2002 50
0.03448400000343099 1952 48
0.03472900000633672 3009 75
0.035216999996919185 3010 75
0.03460699999413919 2978 74
0.03454599999531638 987 23
0.033997000005911104 2002 49
0.03399599999829661 2986 74
0.03497300000162795 1017 24
0.03405800000473391 988 24
0.034912000002805144 1976 49
0.03509499999927357 3008 75
0.03356900000653695 2955 73
0.03527900000335649 1028 24
0.03411799999594223 994 24
0.033813999994890764 989 24
0.03448499999649357 3029 76
0.03442399999767076 1985 48
0.03448499999649357 1967 49
0.032959000003756955 1974 48
0.03521799998998176 1022 24
0.03399599999829661 988 24
0.034851000003982335 993 24
0.03405800000473391 992 24
0.034728999991784804 1020 23
0.03442400001222268 984 24
0.03399599999829661 992 23
0.034302000000025146 995 24
0.03405800000473391 2012 50
0.03320299999904819 953 23
0.03418000000237953 993 24
0.03539999999338761 1028 25
0.03454599999531638 990 24
0.03314200000022538 954 23
0.0346070000086911 986 24
0.03527799999574199 1025 25
0.03442399999767076 987 24
0.03411900000355672 3004 73
0.03448499999649357 7010 175
0.033324999996693805 2989 74
0.034302000000025146 987 24
0.03442399999767076 988 24
0.034239999993587844 990 24
0.034912000002805144 2019 50
0.03436300001339987 2973 73
0.03619299999263603 1027 25
0.033997000005911104 987 24
0.03546100000676233 3997 90
0.03448499999649357 980 24
0.034912000002805144 2030 48
0.033936000007088296 957 22
0.03509499999927357 1992 48
0.034362999998847954 3001 74
0.03515599999809638 1982 49
0.03460699999413919 2012 50
0.03442299999005627 1996 47
0.03405800000473391 985 24
0.034423000004608184 3000 75
0.03393599999253638 984 24
0.03478999999060761 3006 75
0.03564400000323076 2003 49
0.032775999992736615 956 23
0.0360110000037821 1024 25
0.03399599999829661 986 24
0.035828000007313676 4009 98
0.033020000002579764 951 23
0.03576699999393895 1033 25
0.036131999993813224 3011 75
0.03411900000355672 977 23
0.03479000000515953 2984 74
0.03448499999649357 996 24
0.03460699999413919 1972 49
0.03497300000162795 1024 25
0.03375200000300538 980 23
0.0353389999945648 1026 25
0.03289800000493415 949 23
0.03405800000473391 985 24
0.03497300000162795 1037 25
0.03442399999767076 988 24
0.0374149999988731 1025 22
0.03442399999767076 4941 115
0.03356899999198504 994 23
0.034362999998847954 988 24
0.035523000013199635 1026 24
0.034605999986524694 986 24
0.03479100001277402 996 23
0.032835999998496845 957 23
0.03552200000558514 2062 51
0.034239999993587844 5965 148
0.03472900000633672 989 24
0.034057999990182 986 23
0.033508000007714145 987 23
0.033936000007088296 2991 72
0.013550000003306195 1238 5
0.013245000009192154 1993 11
0.01373299999977462 1957 11
0.013061999998171814 968 4
0.013365999999223277 990 5
0.013366999992285855 2968 17
0.013122000003932044 984 5
0.013122999996994622 975 5
0.013489000004483387 973 5
0.012877999994088896 996 5
0.01336700000683777 978 5
0.013427999991108663 1951 11
0.013183000002754852 1000 5
0.013061999998171814 974 5
0.012817000009818003 974 5
0.013061999998171814 961 5
0.012938999992911704 976 5
0.013061999998171814 989 5
0.013489000004483387 981 5
0.012755999996443279 958 5
0.013672000000951812 995 5
0.013061000005109236 976 5
0.013550000003306195 1937 16
0.01428200000373181 1022 8
0.014587999990908429 1013 8
0.015379999997094274 1972 19
0.015198000008240342 979 10
0.015198000008240342 2984 33
0.01696799999626819 2001 26
0.016235000002779998 939 12
0.01666300000215415 1010 13
0.017456000001402572 1963 28
0.018921000009868294 1047 16
0.018677000000025146 2963 47
0.02075199999671895 3990 73
0.020508000001427718 964 17
0.02404699999897275 1015 20
0.024048000006587245 2022 40
0.024169999989680946 993 20
0.02850300000864081 1949 42
0.03070099999604281 2032 46
0.028748000011546537 977 22
0.029356999992160127 1009 21
0.030822999993688427 1943 33
0.03314200000022538 2022 43
0.03460699999413919 1028 24
0.03387499999371357 989 24
0.032165000011445954 951 23
0.03399699999135919 996 24
0.03411900000355672 2995 75
0.03515600001264829 3037 76
0.033813000001828186 1959 48
0.034362999998847954 1008 24
0.033874000000650994 4027 99
0.03418000000237953 987 24
0.03387499999371357 987 24
0.03387500000826549 1978 47
0.03442399999767076 1990 49
0.034302000000025146 3023 75
0.032959000003756955 951 23
0.03375200000300538 996 23
0.03564400000323076 8028 200
0.033020000002579764 1947 48
0.033690999989630654 5006 125
0.03442399999767076 2009 48
0.03491299999586772 1991 49
0.03442400001222268 3018 74
0.03503400000045076 1983 48
0.034546000009868294 993 24
0.034118999989004806 4985 124
0.03356900000653695 991 24
0.034302000000025146 2012 49
0.03479000000515953 995 24
0.033263999997871 963 23
0.032959000003756955 1986 48
0.034302000000025146 991 24
0.03539999999338761 1032 25
0.033387000003131106 981 23
0.034057999990182 3016 74
0.03479000000515953 1985 49
0.03314299999328796 971 23
0.03588799999852199 1035 24
0.03405699999711942 1996 48
0.03424100000120234 994 24
0.03387499999371357 989 24
0.03356899999198504 2975 73
0.0354010000010021 2021 50
0.034362999998847954 990 24
0.03344700000889134 2967 73
0.033752999996067956 989 24
0.034362999998847954 990 24
0.03448499999649357 3039 75
0.03527800001029391 5982 147
0.03399699999135919 982 23
0.034485000011045486 992 24
0.033324999996693805 990 24
0.03497300000162795 2988 74
0.034362999998847954 996 24
0.034057999990182 992 24
0.033020000002579764 1993 48
0.034118999989004806 2007 50
0.03356900000653695 1978 48
0.03509499999927357 2013 50
0.034667999992961995 1010 24
0.033813999994890764 3964 99
0.034728999991784804 2023 49
0.03393599999253638 2962 73
0.03411800001049414 991 24
0.03442399999767076 4032 100
0.033997000005911104 985 24
0.0339349999994738 976 23
0.03411900000355672 992 24
0.03363000000535976 1991 49
0.03558399999747053 1044 25
0.034302000000025146 992 24
0.03460600000107661 991 24
0.034851000003982335 1977 48
0.03344699999433942 3976 99
0.03411799999594223 2018 49
0.03424100000120234 995 24
0.03424100000120234 2002 49
0.03430100000696257 988 24
0.03411900000355672 5954 149
0.03356999999959953 2016 50
0.034667999992961995 4985 124
0.033448000001953915 4008 99
0.03588899999158457 3022 75
0.03375200000300538 991 23
0.03479000000515953 3002 74
0.032836999991559424 956 22
0.03314200000022538 1995 49
0.03442399999767076 3020 74
0.033936000007088296 988 24
0.03460600000107661 984 24
0.03405800000473391 984 24
0.033629999990807846 995 24
0.034546000009868294 988 24
0.03527799999574199 3017 75
0.033997000005911104 982 24
0.03539999999338761 1020 25
0.03387499999371357 985 24
0.036010999989230186 2019 48
0.03356900000653695 981 23
0.03411900000355672 991 24
0.03411799999594223 3971 98
0.034302000000025146 995 23
0.033263999997871 1970 49
0.03515600001264829 3036 75
0.03393599999253638 991 24
0.03527799999574199 2983 74
0.03424100000120234 4022 98
0.0352170000114711 4987 125
0.03424099998665042 986 24
0.03442399999767076 3013 74
0.03411799999594223 989 24
0.03479000000515953 2962 73
0.033997000005911104 1992 49
0.03479000000515953 5023 125
0.032409999999799766 948 23
0.03430099999241065 989 24
0.03387500000826549 2997 74
0.034057000011671335 2030 50
0.034302000000025146 1975 48
0.03576699999393895 1031 25
0.03338599999551661 958 23
0.033997000005911104 990 24
0.033690999989630654 2017 49
0.03167700000631157 2978 73
0.03418000000237953 1010 24
0.03167699999175966 956 22
0.03448499999649357 1049 25
0.033020000002579764 2952 72
0.0346070000086911 2015 49
0.0339349999994738 992 24
0.033813999994890764 978 23
0.0360110000037821 1032 25
0.036194000000250526 4003 100
0.03308100000140257 948 23
0.03607200000260491 1030 25
0.034362999998847954 4006 98
0.03320299999904819 958 23
0.03479000000515953 3023 73
0.0339349999994738 980 23
0.03442399999767076 988 24
0.03405699999711942 2010 48
0.03479000000515953 3958 99
0.03454599999531638 1012 24
0.0354010000010021 1028 25
0.034423000004608184 987 24
0.03479000000515953 947 21
0.03497399999469053 1024 24
0.034667999992961995 985 24
0.03527800001029391 1023 24
0.03399699999135919 988 24
0.032896999997319654 954 22
0.033997000005911104 3036 76
0.03405699999711942 1998 49
0.03308100000140257 1966 49
0.03546199999982491 1025 25
0.03424099998665042 987 24
0.033874000000650994 984 24
0.03405800000473391 984 24
0.034362000005785376 983 23
0.03424100000120234 1045 25
0.032653999995091 958 22
0.032836999991559424 2033 49
0.03338600001006853 1003 24
0.03369199999724515 1967 48
0.032347999993362464 964 23
0.03442399999767076 2009 50
0.035340000002179295 1027 25
0.03277499999967404 943 22
0.03521800000453368 1024 25
0.034546000009868294 2990 75
0.03454599999531638 1012 24
0.034912000002805144 4982 121
0.03509499999927357 2001 48
0.033690999989630654 972 23
0.034974000009242445 1026 25
0.03454599999531638 1973 49
0.03454599999531638 2009 50
0.03478999999060761 2000 47
0.03289800000493415 949 23
0.03497300000162795 2049 50
0.03350799999316223 952 23
0.03338599999551661 1986 49
0.03442399999767076 2015 49
0.03503400000045076 3002 74
0.033020000002579764 1975 49
0.03686499998730142 991 23
0.03747600001224782 1030 25
0.033690999989630654 967 23
0.03521800000453368 1024 25
0.033324999996693805 954 23
0.03448499999649357 2014 49
0.03430099999241065 2993 75
0.03521800000453368 1024 24
0.034546000009868294 2991 75
0.032959000003756955 2944 73
0.03436199999123346 5023 124
0.033936000007088296 991 22
0.034362999998847954 3985 97
0.03472900000633672 1027 25
0.03442399999767076 987 24
0.033874000000650994 987 24
0.033997000005911104 4981 124
0.03308100000140257 1982 48
0.03686500000185333 1032 24
0.034728999991784804 2998 74
0.034546000009868294 987 24
0.03418000000237953 995 24
0.03448499999649357 3993 99
0.03375300001061987 1950 47
0.03527900000335649 3016 75
0.03405800000473391 3011 74
0.033874000000650994 990 24
0.03405800000473391 3004 73
0.03314200000022538 954 23
0.035521999991033226 1033 25
0.03320299999904819 953 23
0.03521800000453368 1038 25
0.03448400000343099 993 24
0.03460699999413919 996 24
0.033997000005911104 994 24
0.0346070000086911 1974 48
0.03399699999135919 2008 49
0.03332500001124572 1966 49
0.03454599999531638 2013 49
0.03417900000931695 1997 49
0.03527899998880457 1025 25
0.03448400000343099 983 24
0.03283700000611134 953 23
0.0345450000022538 2029 50
0.03399699999135919 2005 48
0.03344700000889134 995 24
0.03454599999531638 993 24
0.032470999998622574 947 22
0.03515599999809638 1032 25
0.03448499999649357 984 24
0.03466800000751391 4010 100
0.03442399999767076 992 24
0.03424100000120234 990 24
0.03399699999135919 990 24
0.034057000011671335 990 24
0.03448499999649357 991 23
0.03424100000120234 991 24
0.03442400001222268 2022 50
0.032653999995091 1964 48
0.03539999999338761 1005 24
0.03472900000633672 2004 50
0.03460699999413919 2006 50
0.033508000007714145 1971 49
0.03411900000355672 1999 49
0.03503400000045076 2014 50
0.034362999998847954 1979 49
0.034423000004608184 990 24
0.0354010000010021 1024 25
0.03314200000022538 971 22
0.03686599999491591 3013 67
0.03448499999649357 5965 145
0.03369100000418257 995 24
0.033447999987402 991 24
0.034057000011671335 988 24
0.033448000001953915 2998 74
0.03527799999574199 1028 24
0.03442400001222268 1966 47
0.03503400000045076 3001 74
0.03399599999829661 985 23
0.03418000000237953 4024 100
0.03424100000120234 4957 122
0.034178999994765036 988 24
0.035340000002179295 1037 24
0.03418000000237953 4987 125
0.03405699999711942 2014 50
0.03259299999626819 952 23
0.03448499999649357 986 24
0.03320400000666268 3001 73
0.034239999993587844 1992 49
0.035340000002179295 1026 25
0.032959000003756955 2969 72
0.03314200000022538 4986 123
0.03600999999616761 1029 25
0.032959000003756955 2952 74
0.032593000010820106 1997 49
0.03454599999531638 1018 25
0.03442399999767076 2992 74
0.03418000000237953 2006 50
0.03594999999040738 3009 74
0.032654000009642914 948 23
0.035582999989856035 1034 25
0.03466800000751391 3000 75
0.03320299999904819 957 22
0.034118999989004806 995 24
0.034423000004608184 2014 49
0.03472900000633672 1976 48
0.03515599999809638 1026 25
0.03344699999433942 942 23
0.03424100000120234 2034 50
0.034667999992961995 2008 50
0.03430100000696257 993 24
0.03448499999649357 994 24
0.03613300000142772 2999 75
0.033263999997871 948 23
0.035400000007939525 2040 51
0.03411900000355672 1956 47
0.034912000002805144 4020 101
0.03405800000473391 2996 74
0.03448399998887908 994 24
0.033813999994890764 4000 99
0.03289800000493415 1970 49
0.0346070000086911 1997 48
0.0346070000086911 2016 50
0.03399699999135919 989 24
0.03430099999241065 2008 50
0.032593000010820106 949 23
0.03479000000515953 2017 50
0.034302000000025146 1982 49
0.033448000001953915 1983 49
0.034851999997044913 3998 99
0.03607200000260491 3026 75
0.033508000007714145 988 24
0.03363099999842234 1992 49
0.033629999990807846 1989 49
0.03375200000300538 986 24
0.03478999999060761 2020 50
0.03436199999123346 2009 50
0.032653999995091 941 22
0.03448499999649357 2016 48
0.033020000002579764 3972 99
0.03277600000728853 2014 50
0.033020000002579764 3966 97
0.03338599999551661 2004 49
0.03418000000237953 1047 25
0.033813000001828186 2009 47
0.032959000003756955 1937 47
0.03442399999767076 5006 125
0.033874000000650994 969 23
0.03466699999989942 4041 102
0.03338599999551661 3964 99
0.03356900000653695 2010 48
0.03344700000889134 3977 99
0.033508000007714145 2999 75
0.03350900000077672 2987 74
0.034728999991784804 998 24
0.0346070000086911 2029 50
0.033752999996067956 2943 71
0.035828000007313676 1032 25
0.033874000000650994 994 24
0.03442399999767076 4998 125
0.03381299998727627 1976 49
0.03375300001061987 988 23
0.03546099999221042 1026 25
0.03387500000826549 988 24
0.034362999998847954 3005 73
0.03460699999413919 992 24
0.033020000002579764 951 23
0.035888000013073906 3045 76
0.03411900000355672 1957 48
0.03405699999711942 983 24
0.034362999998847954 3014 75
0.03466800000751391 2019 50
0.034178999994765036 988 24
0.03344700000889134 981 23
0.03454599999531638 2012 49
0.03405800000473391 986 24
0.03424100000120234 986 24
0.03570499998750165 4015 101
0.034362999998847954 986 24
0.03369199999724515 7963 198
0.03552200000558514 1032 25
0.03320299999904819 946 23
0.033752999996067956 3024 73
0.034239999993587844 984 24
0.03289800000493415 3982 100
0.035644999996293336 1016 24
0.03363000000535976 984 24
0.03564400000323076 4012 98
0.0346070000086911 2017 50
0.03454599999531638 3939 98
0.035582999989856035 3046 76
0.03308100000140257 945 23
0.0346070000086911 1010 24
0.03460699999413919 990 24
0.03399699999135919 1984 49
0.03595000000495929 3035 75
0.034728999991784804 2967 74
0.03533900000911672 2039 50
0.033997000005911104 1955 48
0.03546099999221042 1026 25
0.03424100000120234 988 24
0.03363000000535976 991 24
0.03338599999551661 2971 74
0.03344700000889134 4990 124
0.034485000011045486 3025 76
0.034546000009868294 2980 74
0.03460699999413919 995 24
0.03369100000418257 1973 48
0.03454599999531638 2007 50
0.03405800000473391 2973 72
0.03582799999276176 1028 25
0.03448400000343099 2959 72
0.03399699999135919 2016 50
0.03979500000423286 4602 76
0.03539999999338761 413 9
0.03503400000045076 5994 147
0.032836999991559424 959 22
0.03424100000120234 1003 24
0.033874000000650994 994 23
0.03369199999724515 960 23
0.03613300000142772 8057 199
0.0339349999994738 1969 46
0.03356999999959953 2005 49
0.033629999990807846 2999 73
0.03527799999574199 1988 47
0.0421760000026552 2019 42
0.03698699999949895 970 22
0.03503400000045076 1005 23
0.035216999996919185 4986 122
0.03448499999649357 2946 70
0.035705000002053566 1034 25
0.03271500000846572 954 23
0.03515599999809638 1036 25
0.034667999992961995 1976 49
0.03472900000633672 1987 49
0.034728999991784804 2985 74
0.03405699999711942 1995 49
0.033629999990807846 9000 223
0.034362999998847954 999 23
0.034851000003982335 1000 24
0.033813000001828186 2988 73
0.03497300000162795 1999 49
0.03442399999767076 1003 24
0.03485099998943042 2020 49
0.034851999997044913 2988 74
0.03314200000022538 961 23
0.034667999992961995 2001 49
0.03497300000162795 1995 49
0.03356900000653695 966 23
0.03460699999413919 995 24
0.035521999991033226 3034 74
0.03454599999531638 2004 48
0.03356900000653695 3959 97
0.036194000000250526 1035 25
0.03363000000535976 1001 23
0.03424100000120234 993 24
0.03295899998920504 954 23
0.034546000009868294 992 24
0.03588799999852199 1044 25
0.03338699998857919 955 23
0.03436300001339987 2028 50
0.03515700000571087 4970 123
0.03405800000473391 6013 148
0.03411799999594223 986 24
0.03491299999586772 992 23
0.0346070000086911 1998 49
0.03277600000728853 1987 46
0.034302000000025146 962 23
0.03503400000045076 2030 49
0.03320299999904819 1964 47
0.03387499999371357 3012 73
0.03350799999316223 1978 49
0.03344699999433942 4000 97
0.03411799999594223 2996 73
0.03515599999809638 2024 49
0.03308100000140257 1978 46
0.03478999999060761 3988 98
0.034118999989004806 6975 173
0.034667999992961995 1991 48
0.03448499999649357 991 24
0.03546100000676233 6038 150
0.03418000000237953 1981 48
0.03320299999904819 1959 48
0.03405699999711942 3029 74
0.03576699999393895 3999 98
0.03539999999338761 1990 49
0.03497300000162795 2001 49
0.03448499999649357 3963 99
0.03460699999413919 2018 50
0.034851000003982335 996 24
0.033324999996693805 969 22
0.03558399999747053 1030 25
0.034362000005785376 996 23
0.034302000000025146 998 24
0.03424100000120234 969 23
0.03479000000515953 4017 100
0.0346070000086911 1972 48
0.03430099999241065 981 24
0.03491199998825323 2021 49
0.03375200000300538 988 24
0.03442399999767076 987 24
0.03442399999767076 990 23
0.033996000012848526 997 24
0.034302000000025146 990 23
0.03515599999809638 1027 25
0.03356899999198504 1950 48
0.03424100000120234 2983 74
0.03472900000633672 5026 125
0.0345450000022538 996 24
0.03314200000022538 4983 122
0.03478999999060761 1005 24
0.03369100000418257 1979 49
0.03454599999531638 1989 48
0.03356999999959953 1999 49
0.034362999998847954 4997 125
0.0359489999973448 2026 49
0.03289800000493415 951 23
0.03369199999724515 995 23
0.03411800001049414 1001 24
0.034728999991784804 990 24
0.034851000003982335 2014 50
0.03393599999253638 994 24
0.034362000005785376 987 24
0.03497300000162795 2009 49
0.03448499999649357 2995 74
0.033324999996693805 1979 49
0.03442399999767076 2023 50
0.03320299999904819 3956 97
0.03558399999747053 1039 25
0.033508000007714145 970 23
0.03424100000120234 993 24
0.03405699999711942 2979 73
0.03503400000045076 1997 49
0.03381400000944268 2002 49
0.034728999991784804 993 24
0.0339349999994738 989 23
0.03418000000237953 988 23
0.03430100000696257 4018 99
0.03448499999649357 1003 24
0.03503400000045076 998 24
0.033936000007088296 995 24
0.03387500000826549 2960 73
0.03527799999574199 1028 25
0.03454599999531638 2001 49
0.03472900000633672 1970 49
0.03497399999469053 2981 73
0.034362000005785376 992 24
0.03418000000237953 990 24
0.0367429999896558 2011 46
0.040711000008741394 1029 22
0.03460699999413919 2950 70
0.034302000000025146 988 24
0.03387500000826549 988 24
0.03588799999852199 1056 23
0.03448400000343099 1968 47
0.03393599999253638 985 24
0.03338599999551661 2978 74
0.03552299999864772 3018 74
0.033631000012974255 1982 49
0.03363099999842234 3984 99
0.034362000005785376 1000 24
0.03539999999338761 1979 48
0.03418000000237953 997 23
0.03320299999904819 1989 48
0.03576699999393895 7039 173
0.03338599999551661 951 23
0.03424100000120234 992 24
0.03442399999767076 6028 147
0.033264999990933575 3962 98
0.03424000000813976 2021 50
0.034302000000025146 990 24
0.033936000007088296 2967 71
0.03503400000045076 1036 24
0.034362999998847954 996 24
0.03283700000611134 2948 73
0.03466800000751391 2016 50
0.03454599999531638 985 24
0.035216999996919185 1024 25
0.03509499999927357 2970 74
0.03527900000335649 1029 25
0.03363000000535976 960 22
0.033752999996067956 994 24
0.034302000000025146 1989 49
0.03448499999649357 1002 24
0.034057000011671335 985 24
0.03393599999253638 988 24
0.03418000000237953 986 23
0.03546099999221042 1043 25
0.03320400000666268 1949 47
0.03442399999767076 7024 176
0.034362000005785376 987 24
0.034362999998847954 987 24
0.03448499999649357 995 24
0.034912000002805144 2023 50
0.033997000005911104 1948 47
0.03399599999829661 1996 49
0.03283700000611134 1996 48
0.033813999994890764 1000 24
0.03613300000142772 1040 25
0.03448400000343099 990 24
0.034667999992961995 1983 49
0.036254999999073334 2008 50
0.03314200000022538 953 22
0.03497300000162795 9002 224
0.034851000003982335 4035 100
0.03308100000140257 950 23
0.03442399999767076 996 24
0.03454599999531638 2023 50
0.033203000013600104 947 23
0.03436300001339987 1997 48
0.03607200000260491 3046 75
0.03295899998920504 956 23
0.0333260000043083 4990 125
0.03564400000323076 1028 25
0.0346070000086911 1980 48
0.03344699999433942 3979 98
0.034912000002805144 999 24
0.03448499999649357 998 24
0.03509499999927357 7005 175
0.03350900000077672 1980 49
0.03454599999531638 996 24
0.03436300001339987 1976 49
0.036194000000250526 5053 125
0.03271500000846572 954 23
0.034851000003982335 2017 50
0.034362999998847954 990 24
0.03478999999060761 1978 48
0.03381400000944268 984 24
0.0353389999945648 1030 25
0.03350799999316223 955 23
0.03436300001339987 985 24
0.035521999991033226 1026 25
0.0346070000086911 2014 49
0.03399699999135919 985 24
0.03369199999724515 4972 124
0.03332500001124572 2998 74
0.03454599999531638 995 24
0.03411900000355672 1983 49
0.03424000000813976 990 24
0.03491199998825323 8048 202
0.0333260000043083 948 23
0.035400000007939525 1024 25
0.03607200000260491 4001 100
0.034362999998847954 4971 120
0.033448000001953915 983 23
0.03442299999005627 988 24
0.03479000000515953 994 24
0.03448499999649357 995 22
0.034485000011045486 995 24
0.034667999992961995 5029 126
0.0346070000086911 1975 49
0.034302000000025146 2010 50
0.03448499999649357 986 24
0.03497300000162795 2981 72
0.03442399999767076 991 24
0.03558300000440795 1031 24
0.03515700000571087 4974 124
0.03515599999809638 2020 50
0.03320299999904819 2971 73
0.034728999991784804 1024 23
0.036866000009467825 936 20
0.043089999991934747 1041 23
0.04028299999481533 1950 42
0.041016000002855435 995 21
0.041320999996969476 995 21
0.04077099999994971 2004 43
0.04125999999814667 996 20
0.04162599999108352 982 21
0.04284700000425801 1036 22
0.03918399999383837 944 20
0.04357900000468362 2033 44
0.04125999999814667 990 21
0.04125999999814667 3005 63
0.04217499999504071 990 21
0.041504000007989816 2993 64
0.041870000000926666 995 21
0.04180900000210386 5988 129
0.04162599999108352 995 21
0.03979500000423286 1966 42
0.04144299999461509 1992 42
0.04119899999932386 2009 43
0.0421139999962179 1025 22
0.041686999989906326 1988 43
0.041565000006812625 991 21
0.04125999999814667 984 20
0.04046600000583567 2989 64
0.04199199999857228 1996 44
0.0415039999934379 3006 67
0.04193199999281205 2001 44
0.042235999993863516 1986 44
0.04064900000230409 973 21
0.04248099999676924 1018 22
0.03936799999792129 2950 64
0.04278599999088328 2037 45
0.041565000006812625 981 21
0.04174800000328105 984 21
0.04241899999033194 1022 22
0.0407720000075642 973 21
0.04064900000230409 961 20
0.04309099999954924 1026 22
0.04028299999481533 980 20
0.04162600000563543 986 21
0.04211499998928048 1018 22
0.0427860000054352 1998 43
0.04131999998935498 984 21
0.040404999992460944 1989 41
0.04095400001097005 985 21
0.04315199999837205 1021 22
0.04028299999481533 966 21
0.0427860000054352 1021 22
0.040466999998898245 1974 42
0.04156499999226071 2023 41
0.04266400000778958 4990 111
0.04138099998817779 2958 65
0.04064900000230409 3049 64
0.04162600000563543 1958 43
0.04309099999954924 1025 22
0.041930999999749474 1941 42
0.04309099999954924 1028 22
0.04071099999418948 2966 64
0.04254100000252947 1012 21
0.034485000011045486 1998 39
0.034302000000025146 1004 17
0.032959000003756955 1939 36
0.033263999997871 966 23
0.035216999996919185 1002 24
0.034912000002805144 3021 72
0.03399699999135919 1955 48
0.034057999990182 2006 49
0.03631599999789614 1033 25
0.034302000000025146 986 24
0.03387499999371357 2969 71
0.03588899999158457 3044 75
0.03515599999809638 909 21
0.03564399998867884 4011 99
0.03405800000473391 987 24
0.03430100000696257 990 24
0.035705999995116144 1021 22
0.034302000000025146 979 17
0.0346070000086911 4958 123
0.03448399998887908 989 24
0.035889000006136484 1042 25
0.034851000003982335 999 24
0.032836999991559424 959 23
0.03350799999316223 3988 97
0.03466800000751391 996 24
0.03558399999747053 2007 49
0.033629999990807846 3004 73
0.03369100000418257 1964 48
0.03448499999649357 6005 150
0.03448499999649357 985 23
0.03424000000813976 994 24
0.03607200000260491 1033 25
0.034302000000025146 1001 23
0.03472900000633672 1979 49
0.034912000002805144 989 24
0.03424100000120234 1001 24
0.034667999992961995 2973 73
0.03442399999767076 999 22
0.03607200000260491 2018 50
0.034178999994765036 992 24
0.03363099999842234 959 23
0.03448499999649357 990 23
0.035888000013073906 1032 25
0.03308099998685066 951 23
0.03417900000931695 4030 99
0.03454599999531638 3011 74
0.03375200000300538 1960 48
0.034546000009868294 986 24
0.035033999985898845 1027 25
0.034302000000025146 987 24
0.03424100000120234 977 23
0.033874000000650994 999 23
0.035033999985898845 7997 200
0.03436300001339987 993 24
0.03527799999574199 1027 25
0.03393599999253638 992 22
0.032959000003756955 955 23
0.03466800000751391 998 23
0.03418000000237953 2020 47
0.03491199998825323 975 22
0.03387499999371357 4004 99
0.03497300000162795 6974 171
0.034851000003982335 4016 99
0.03314200000022538 3984 97
0.034302000000025146 990 24
0.03497399999469053 1976 49
0.035400000007939525 1028 24
0.034179999987827614 1987 49
0.034302000000025146 994 24
0.03424100000120234 5001 124
0.034851000003982335 993 23
0.0339349999994738 1984 48
0.03448499999649357 1969 48
0.03442400001222268 993 24
0.03546099999221042 1031 25
0.03546199999982491 1001 24
0.034912000002805144 990 24
0.034912000002805144 2017 50
0.03485099998943042 1947 48
0.035400000007939525 3016 75
0.035216999996919185 1985 48
0.03308100000140257 1963 47
0.0352170000114711 4018 100
0.034728999991784804 3017 75
0.034851000003982335 1001 24
0.03350900000077672 954 23
0.033324999996693805 3982 96
0.03418000000237953 988 24
0.03418000000237953 6014 148
0.034302000000025146 988 24
0.03503400000045076 1026 25
0.03448499999649357 3993 100
0.0339349999994738 983 24
0.03405800000473391 988 24
0.035644999996293336 1026 24
0.03399699999135919 2943 72
0.03546100000676233 3029 75
0.033263999997871 965 23
0.03552299999864772 1028 25
0.03558300000440795 2983 73
0.03387500000826549 992 24
0.034485000011045486 1985 49
0.03460699999413919 998 24
0.034239999993587844 2012 49
0.034912000002805144 995 24
0.03460699999413919 993 24
0.03479000000515953 2976 74
0.034851000003982335 4030 99
0.034851000003982335 1987 48
0.03442399999767076 990 24
0.03350900000077672 1991 48
0.033997000005911104 1984 48
0.034302000000025146 993 24
0.034178999994765036 983 23
0.0354010000010021 1039 25
0.033813000001828186 1962 48
0.03442400001222268 3027 75
0.034667999992961995 4981 123
0.03485099998943042 3993 97
0.034485000011045486 1000 23
0.031921999994665384 966 23
0.033813000001828186 1007 24
0.033813999994890764 3024 73
0.03424100000120234 1976 48
0.032653999995091 971 22
0.03417900000931695 1009 24
0.03363099999842234 1012 24
0.03375199998845346 3019 73
0.032409999999799766 961 22
0.03271499999391381 1966 47
0.03460699999413919 6037 148
0.033752999996067956 2981 72
0.033813000001828186 1009 24
0.03363099999842234 1008 24
0.032959000003756955 974 22
0.03369199999724515 1973 46
0.034302000000025146 4021 97
0.034974000009242445 4011 98
0.03442399999767076 1973 47
0.033324999996693805 1011 24
0.034423000004608184 1978 48
0.032531000004382804 1976 48
0.03308100000140257 2016 48
0.03369199999724515 1012 23
0.033324999996693805 3940 95
0.033813999994890764 1007 24
0.03350900000077672 2015 49
0.033690999989630654 1006 23
0.032409999999799766 965 23
0.03271500000846572 5984 146
0.03497300000162795 1047 24
0.034302000000025146 2989 73
0.03344699999433942 988 22
0.033997000005911104 1982 48
0.03216600000450853 1980 47
0.03454599999531638 1008 24
0.03259200000320561 970 23
0.032409999999799766 2003 48
0.03356900000653695 1011 24
0.033996000012848526 2017 48
0.03363099999842234 1002 22
0.03326400001242291 2982 73
0.03363099999842234 995 23
0.031921000001602806 10956 268
0.03466800000751391 4035 98
0.033508000007714145 1987 48
0.034118999989004806 2994 71
0.032105000005685724 970 23
0.0339349999994738 1012 24
0.03387499999371357 1012 24
0.0339349999994738 1998 48
0.03405699999711942 2985 71
0.03356999999959953 1008 24
0.03277600000728853 969 23
0.033813999994890764 1999 48
0.03228700000909157 969 23
0.03350900000077672 1007 24
0.03405699999711942 1009 24
0.03369199999724515 1009 23
0.03350799999316223 1980 48
0.03283700000611134 2951 71
0.03363099999842234 2046 49
0.033508000007714145 4971 120
0.03314200000022538 1013 22
0.03405699999711942 1989 48
0.03314300000783987 7997 193
0.03289799999038223 1988 47
0.03405800000473391 1012 24
0.03216600000450853 973 23
0.03399599999829661 3021 73
0.032104000012623146 3962 95
0.03411900000355672 2022 48
0.032775999992736615 972 23
0.03301999998802785 2996 71
0.031921000001602806 1983 48
0.03210399999807123 1985 48
0.03472900000633672 1050 25
0.03405800000473391 970 18
0.03424099998665042 1001 22
0.042114000010769814 2971 62
0.040038999999524094 4015 79
0.04016199999023229 979 19
0.040222000010544434 999 19
0.03869599998870399 967 19
0.04089400000520982 1013 20
0.038696000003255904 966 19
0.031982000000425614 1008 10
0.03271499999391381 973 23
0.034851000003982335 1050 25
0.03271499999391381 968 23
0.03344700000889134 2011 48
0.03405800000473391 4984 121
0.03253199999744538 1972 46
0.03308100000140257 2985 73
0.033629999990807846 1013 24
0.03234900000097696 970 23
0.033508000007714145 1010 24
0.034302000000025146 1009 24
0.034667999992961995 1998 47
0.033997000005911104 1022 24
0.03240899999218527 976 22
0.03204299999924842 1995 46
0.033997000005911104 1015 24
0.03210399999807123 970 22
0.033324999996693805 1013 23
0.033690999989630654 5005 121
0.03277600000728853 974 23
0.03228800000215415 971 23
0.03204299999924842 2030 48
0.03283700000611134 973 23
0.032775999992736615 2971 71
0.03393599999253638 3038 72
0.032959000003756955 1986 48
0.03344700000889134 1015 24
0.034239999993587844 1977 47
0.03186100001039449 968 22
0.03448499999649357 2031 48
0.031432999996468425 1949 46
0.03375300001061987 2017 48
0.033874000000650994 1015 24
0.03442399999767076 3004 71
0.032959000003756955 976 23
0.03198299999348819 974 23
0.0339349999994738 1016 24
0.033936000007088296 1017 24
0.03387499999371357 1955 47
0.03228700000909157 977 23
0.03491199998825323 1054 24
0.03308100000140257 1991 48
0.03314200000022538 976 23
0.03137199999764562 962 22
0.034851000003982335 2036 49
0.032226999988779426 974 22
0.03314200000022538 975 22
0.03314200000022538 1994 48
0.03363099999842234 6026 145
0.033690999989630654 1014 24
0.033264999990933575 4018 83
0.03265300000202842 936 19
0.03167799999937415 960 22
0.034362000005785376 1011 23
0.03192099998705089 1964 47
0.03424100000120234 1037 24
0.031982000000425614 1978 45
0.033936000007088296 1009 24
0.03222700000333134 1960 47
0.032836999991559424 1025 24
0.03314200000022538 1981 48
0.032409999999799766 2014 48
0.032105000005685724 1968 47
0.033874000000650994 1008 23
0.032347999993362464 1980 48
0.034362999998847954 1013 24
0.03314200000022538 988 22
0.03338599999551661 1008 24
0.034302000000025146 1978 48
0.03393599999253638 3018 72
0.03344700000889134 1983 47
0.03387499999371357 2014 49
0.03234800000791438 998 22
0.033203999992110766 993 22
0.03387500000826549 3984 96
0.03210399999807123 3979 97
0.03283700000611134 1969 48
0.034362999998847954 4034 98
0.03228800000215415 963 22
0.0339349999994738 1007 23
0.03363099999842234 1013 24
0.03186000000278 970 23
0.03424100000120234 1012 24
0.03320400000666268 1979 47
0.03295899998920504 1009 24
0.03375199998845346 3030 73
0.03271500000846572 4940 119
0.03289799999038223 3015 72
0.03369199999724515 2017 49
0.03308100000140257 1964 47
0.03387499999371357 2027 49
0.033324999996693805 1008 23
0.032654000009642914 970 23
0.03155499999411404 969 23
0.03405800000473391 1004 24
0.03289799999038223 994 23
0.03356900000653695 1008 24
0.03210399999807123 965 22
0.03442399999767076 1043 24
0.03314200000022538 2962 71
0.034423000004608184 1014 24
0.03289799999038223 978 23
0.03216600000450853 973 23
0.03399699999135919 3044 73
0.032654000009642914 976 23
0.03210399999807123 971 23
0.033813999994890764 1015 24
0.03350799999316223 997 23
0.033936000007088296 1013 24
0.032226999988779426 2954 70
0.03240900000673719 975 23
0.033752999996067956 1016 24
0.033448000001953915 2011 48
0.031921000001602806 5971 144
0.03363099999842234 1011 24
0.034057000011671335 1009 22
0.03308099998685066 1000 23
0.032105000005685724 972 23
0.033508000007714145 1012 24
0.03399699999135919 1001 22
0.03369200001179706 5017 123
0.034302000000025146 3956 96
0.03442399999767076 3017 73
0.031616000007488765 971 23
0.03411799999594223 3027 72
0.03344699999433942 4986 120
0.032654000009642914 969 23
0.03259299999626819 3016 73
0.03344699999433942 1009 24
0.03210399999807123 1969 45
0.03216600000450853 970 23
0.03234800000791438 3992 96
0.03320299999904819 4999 122
0.03228800000215415 2991 72
0.03155499999411404 4995 122
0.032959000003756955 2008 46
0.03338599999551661 1007 23
0.033020000002579764 2998 73
0.03338599999551661 1010 24
0.03253199999744538 2950 71
0.033508000007714145 1015 24
0.034302000000025146 1015 24
0.03356899999198504 1973 47
0.032105000005685724 973 23
0.033324999996693805 3029 72
0.03369100000418257 5980 147
0.034302000000025146 1011 24
0.03320299999904819 1007 23
0.03369199999724515 1981 48
0.03204299999924842 1967 47
0.033997000005911104 2021 49
0.03338600001006853 3997 96
0.033020000002579764 5982 146
0.03424100000120234 3033 74
0.03173800000513438 934 21
0.03509499999927357 1053 25
0.031495000002905726 929 21
0.03350799999316223 1009 24
0.033324999996693805 1013 21
0.03320299999904819 3997 95
0.034057000011671335 2023 49
0.033020000002579764 1945 46
0.03326400001242291 4985 121
0.03393599999253638 1016 24
0.034546000009868294 2030 48
0.03314299999328796 3959 95
0.03186000000278 1986 48
0.033813999994890764 11029 268
0.03338600001006853 3986 98
0.03369199999724515 1009 24
0.033752999996067956 1975 47
0.03375200000300538 1011 24
0.033324999996693805 1974 48
0.033752999996067956 1008 23
0.03424100000120234 1973 48
0.03234900000097696 965 23
0.034302000000025146 2047 49
0.03350799999316223 1005 24
0.03228800000215415 964 22
0.03173800000513438 2972 71
0.033813000001828186 2053 49
0.032409999999799766 965 23
0.03338600001006853 1008 24
0.032836999991559424 967 23
0.03301999998802785 1996 48
0.03338600001006853 1008 24
0.03393599999253638 1006 24
0.03375200000300538 1025 23
0.03289800000493415 982 23
0.034178999994765036 2984 72
0.03253199999744538 4997 121
0.03289800000493415 2959 72
0.033629999990807846 1009 24
0.03418000000237953 1012 24
0.03204299999924842 2984 71
0.033020000002579764 2996 72
0.03363000000535976 7003 171
0.03411799999594223 2996 73
0.03387500000826549 1014 24
0.03228800000215415 971 22
0.033324999996693805 1976 47
0.033263999997871 1011 24
0.03173899999819696 1962 44
0.03332500001124572 9038 220
0.03375199998845346 1983 47
0.032409999999799766 965 22
0.033936000007088296 1008 24
0.03405800000473391 2988 72
0.03582699999969918 1030 25
0.03521800000453368 3964 98
0.03216499999689404 1993 47
0.03149399999529123 2981 73
0.03369199999724515 6045 147
0.03222600001026876 968 23
0.03393599999253638 1009 24
0.03210399999807123 964 22
0.032959000003756955 2016 49
0.033874000000650994 1010 24
0.03338599999551661 993 23
0.032654000009642914 3988 97
0.032653999995091 962 22
0.03375200000300538 2009 49
0.033387000003131106 993 23
0.03271499999391381 2975 72
0.03503400000045076 1047 24
0.03222700000333134 961 22
0.033020000002579764 2977 73
0.03479000000515953 7036 172
0.03411800001049414 2982 72
0.03314200000022538 1966 46
0.03350900000077672 1012 24
0.03314200000022538 6003 146
0.03216499999689404 973 22
0.03363099999842234 1004 23
0.03466800000751391 5019 122
0.03222700000333134 972 23
0.03314200000022538 5964 146
0.033997000005911104 3060 74
0.03308100000140257 3967 95
0.033324999996693805 1008 24
0.03137199999764562 959 22
0.03424100000120234 1037 24
0.03240900000673719 1970 46
0.033448000001953915 1008 24
0.03240899999218527 969 23
0.0339349999994738 2031 49
0.03381400000944268 1011 24
0.03466800000751391 1979 47
0.03125 965 22
0.034362999998847954 970 23
0.032347999993362464 969 23
0.03454599999531638 3998 97
0.03424000000813976 982 23
0.03387499999371357 998 24
0.034546000009868294 991 24
0.03289799999038223 960 23
0.034362999998847954 1000 23
0.03472900000633672 990 23
0.03356899999198504 1984 48
0.03320299999904819 11013 272
0.03503400000045076 989 24
0.03497300000162795 1028 23
0.03497299998707604 2963 74
0.03497300000162795 997 23
0.03485200001159683 2992 74
0.033936000007088296 2997 72
0.035400000007939525 3020 74
0.03686500000185333 2996 72
0.032836999991559424 961 22
0.03338600001006853 1008 24
0.03424099998665042 6003 145
0.032836999991559424 2973 72
0.03375200000300538 1005 23
0.03173800000513438 968 23
0.03363099999842234 1010 24
0.03418000000237953 1987 48
0.033020000002579764 1007 24
0.032286999994539656 4000 97
0.033203000013600104 967 22
0.03350899998622481 1022 24
0.032104000012623146 958 22
0.03210399999807123 2985 73
0.03418000000237953 1007 23
0.0339349999994738 3024 74
0.03430099999241065 4982 121
0.03222700000333134 969 23
0.03851300000678748 997 23
0.04022199999599252 1987 49
0.037232000002404675 1025 20
0.03375200000300538 2940 57
0.03497300000162795 1988 49
0.03479000000515953 4011 97
0.0333260000043083 959 23
0.03405699999711942 1004 23
0.033996000012848526 1996 48
0.03314200000022538 7018 171
0.03424100000120234 4020 98
0.03289799999038223 1947 47
0.03289799999038223 2020 47
0.03369100000418257 1014 24
0.03137300000526011 1949 45
0.033263999997871 1016 24
0.032959000003756955 974 23
0.03485099998943042 3019 73
0.03472900000633672 1991 49
0.034667999992961995 996 24
0.033508000007714145 3960 99
0.03472900000633672 2013 49
0.03436300001339987 4017 100
0.035216999996919185 3007 74
0.0346070000086911 3971 98
0.03411799999594223 3992 96
0.03595000000495929 4002 100
0.034302000000025146 999 24
0.03314200000022538 957 23
0.03503400000045076 996 23
0.033508000007714145 1976 49
0.03472900000633672 4043 101
0.033203999992110766 950 23
0.03430100000696257 993 24
0.03454599999531638 1032 24
0.03448499999649357 1005 24
0.03369100000418257 965 23
0.03558399999747053 1033 24
0.033813000001828186 1964 48
0.035400000007939525 3000 74
0.03521800000453368 2989 74
0.03411900000355672 3980 99
0.03454599999531638 984 23
0.0346070000086911 989 24
0.03344700000889134 2021 50
0.03613300000142772 994 23
0.03564500001084525 7008 175
0.03405699999711942 998 24
0.034667999992961995 10007 249
0.03460699999413919 1976 48
0.0346070000086911 994 24
0.03503400000045076 999 24
0.035035000008065253 1985 48
0.03448400000343099 989 24
0.034912000002805144 4013 99
0.03497300000162795 990 24
0.03387499999371357 979 23
0.03558399999747053 2006 49
0.03460699999413919 1002 24
0.03411800001049414 994 23
0.034302000000025146 991 24
0.03356900000653695 2966 74
0.03552299999864772 1028 25
0.03405699999711942 985 24
0.03539999999338761 1997 49
0.034362999998847954 1006 24
0.03564400000323076 3997 99
0.034362999998847954 1983 49
0.034362999998847954 999 24
0.033997000005911104 964 23
0.033324999996693805 2002 49
0.03424100000120234 990 23
0.034546000009868294 994 24
0.03595000000495929 2026 50
0.03479000000515953 2976 72
0.03479000000515953 1991 47
0.03478999999060761 1989 48
0.034544999987701885 6010 149
0.03479000000515953 1005 24
0.03356999999959953 962 23
0.03442399999767076 1003 24
0.03527800001029391 2012 49
0.033752999996067956 988 23
0.03399599999829661 3973 97
0.034728999991784804 1001 24
0.034057999990182 1989 48
0.033874000000650994 3002 74
0.03363099999842234 4008 99
0.03491199998825323 990 24
0.03369199999724515 1984 48
0.034302000000025146 983 23
0.03375200000300538 3002 74
0.03375200000300538 1999 49
0.03576699999393895 1027 25
0.03338600001006853 3950 98
0.03576699999393895 1027 25
0.033874000000650994 993 24
0.03369199999724515 952 23
0.03546100000676233 1036 24
0.03399699999135919 1957 48
0.03411900000355672 2030 49
0.03442399999767076 7020 174
0.032959000003756955 954 23
0.03472900000633672 990 24
0.03546099999221042 1018 24
0.034302000000025146 2980 73
0.03411799999594223 995 24
0.03363000000535976 2000 49
0.034362999998847954 998 24
0.033936000007088296 2964 73
0.033997000005911104 2026 48
0.03356899999198504 965 23
0.03576699999393895 1039 25
0.03369100000418257 964 23
0.03631599999789614 4029 99
0.03448499999649357 3959 98
0.03503400000045076 999 24
0.03424100000120234 999 24
0.034302000000025146 2958 72
0.034302000000025146 3001 74
0.0360110000037821 1043 25
0.034912000002805144 999 24
0.034728999991784804 994 23
0.03448499999649357 996 24
0.035216999996919185 1983 48
0.03448499999649357 3000 72
0.03649899999436457 3006 74
0.03271400000085123 938 22
0.03363099999842234 2025 50
0.033874000000650994 1986 49
0.03491199998825323 1998 48
0.033936000007088296 995 24
0.035216999996919185 1023 24
0.03478999999060761 1946 48
0.03558300000440795 1036 25
0.03387499999371357 956 23
0.035949000011896715 1034 25
0.034851000003982335 2967 73
0.03399599999829661 1987 49
0.035340000002179295 1030 25
0.03387500000826549 1950 48
0.03478999999060761 991 23
0.03332500001124572 2030 50
0.03515599999809638 1003 24
0.033997000005911104 6965 173
0.03314200000022538 4987 123
0.03369100000418257 3996 98
0.034667999992961995 1000 24
0.03424100000120234 1005 24
0.033874000000650994 965 23
0.033263999997871 2033 49
0.034362999998847954 1998 49
0.03503400000045076 990 24
0.033874000000650994 990 24
0.0346070000086911 991 24
0.03503400000045076 2025 49
0.0359489999973448 3980 97
0.034362999998847954 1005 24
0.0339349999994738 1963 47
0.034362999998847954 1003 24
0.03442399999767076 3030 73
0.03253199999744538 954 23
0.03479000000515953 2985 72
0.03503400000045076 991 24
0.03405800000473391 7020 173
0.03350900000077672 1956 48
0.03466800000751391 1001 24
0.03454599999531638 2022 49
0.034239999993587844 990 24
0.036254999999073334 5010 124
0.03460699999413919 1985 49
0.03546199999982491 1991 49
0.033690999989630654 956 23
0.03625500001362525 1040 25
0.034728999991784804 1004 24
0.03479000000515953 1981 46
0.03485099998943042 1987 48
0.03479000000515953 997 24
0.03588799999852199 2015 49
0.03411900000355672 988 24
0.03344699999433942 982 23
0.03216499999689404 1982 47
0.035828000007313676 1024 25
0.03436199999123346 993 24
0.03338599999551661 1960 47
0.03479000000515953 998 24
0.03399599999829661 3000 74
0.034302000000025146 998 24
0.03442399999767076 997 24
0.03479000000515953 2994 73
0.034546000009868294 3003 73
0.03399599999829661 991 24
0.033203000013600104 4981 125
0.03576699999393895 1032 25
0.03369100000418257 962 23
0.03424100000120234 7001 167
0.03363099999842234 2976 74
0.034423000004608184 996 24
0.03472900000633672 2016 50
0.03418000000237953 988 24
0.03393599999253638 3006 73
0.033874000000650994 3955 99
0.03405800000473391 986 23
0.03527799999574199 1032 24
0.033936000007088296 988 24
0.03515599999809638 1029 25
0.03320299999904819 5948 148
0.035216999996919185 4013 99
0.034728999991784804 1001 24
0.03515599999809638 4001 97
0.03454599999531638 991 24
0.034302000000025146 991 24
0.035095000013825484 2995 74
0.034362999998847954 10966 273
0.03613300000142772 1037 25
0.034362999998847954 1978 48
0.034485000011045486 975 23
0.03448399998887908 993 24
0.034851000003982335 996 24
0.033874000000650994 1990 48
0.034912000002805144 2032 50
0.032409999999799766 957 22
0.03350799999316223 1994 48
0.034302000000025146 1988 48
0.034546000009868294 1994 49
0.034728999991784804 995 24
0.036010999989230186 4032 99
0.03369100000418257 2948 73
0.03588899999158457 1034 25
0.03375199998845346 2980 72
0.03411900000355672 1974 47
0.036131999993813224 1033 25
0.034302000000025146 993 24
0.03363000000535976 1953 48
0.03564400000323076 1033 25
0.034851999997044913 996 24
0.036377000011270866 4011 99
0.03460699999413919 995 24
0.03448499999649357 960 19
0.03460699999413919 3001 68
0.03466800000751391 983 23
0.03509499999927357 2001 48
0.03515700000571087 7972 194
0.034239999993587844 998 24
0.03448499999649357 994 23
0.03381400000944268 994 24
0.03399599999829661 987 23
0.03442399999767076 1011 24
0.03387499999371357 971 22
0.034423000004608184 996 23
0.033997000005911104 998 24
0.03424100000120234 999 24
0.03442399999767076 1006 22
0.03509499999927357 1002 24
0.03448499999649357 1000 24
0.03338599999551661 961 23
0.03552200000558514 1036 24
0.033020000002579764 953 23
0.03643799999554176 2046 50
0.0339349999994738 968 22
0.03259299999626819 1972 47
0.03399599999829661 1014 23
0.03405800000473391 1011 22
0.03503400000045076 1995 48
0.03271499999391381 1976 45
0.03289800000493415 974 23
0.034178999994765036 1013 24
0.033324999996693805 4013 97
0.03185999998822808 2949 70
0.03363099999842234 2036 49
0.033874000000650994 1012 22
0.032409999999799766 976 23
0.034239999993587844 1989 48
0.0319220000092173 961 22
0.03314200000022538 1012 24
0.03405699999711942 3027 73
0.03167699999175966 969 23
0.03363099999842234 1011 24
0.03363000000535976 3962 97
0.03314200000022538 3022 71
0.03363000000535976 1973 47
0.03338699998857919 996 23
0.033508000007714145 1014 24
0.0339349999994738 1013 24
0.03167700000631157 2952 71
0.034179999987827614 5031 122
0.031556000001728535 3954 95
0.03320299999904819 971 23
0.03363000000535976 1014 23
0.03478999999060761 1049 25
0.03314200000022538 969 23
0.032044000006862916 969 23
0.032775999992736615 2019 48
0.03198300000804011 968 23
0.03375200000300538 2004 48
0.03350900000077672 1013 24
0.034057999990182 2021 49
0.03173899999819696 1946 45
0.034178999994765036 3018 73
0.03222700000333134 972 23
0.033874000000650994 1011 24
0.032836999991559424 972 23
0.033448000001953915 1011 23
0.03234800000791438 971 23
0.034118999989004806 1012 24
0.03332500001124572 1013 24
0.03283700000611134 5985 145
0.032775999992736615 3986 96
0.033874000000650994 1010 24
0.03369200001179706 1011 24
0.033141999985673465 1941 46
0.03381400000944268 1010 24
0.03448499999649357 3043 74
0.03442399999767076 1984 48
0.03222700000333134 965 21
0.03228800000215415 1983 48
0.033874000000650994 1016 24
0.03308100000140257 995 23
0.034302000000025146 5006 121
0.03277499999967404 969 23
0.03356999999959953 1017 24
0.03295899998920504 973 22
0.0333260000043083 2995 73
0.032959000003756955 8018 194
0.03399699999135919 3994 96
0.03228700000909157 958 22
0.033752999996067956 1008 24
0.03222599999571685 972 23
0.03466800000751391 1048 25
0.03387499999371357 4993 120
0.03369100000418257 2951 70
0.0325320000119973 2023 48
0.03418000000237953 2025 49
0.0346070000086911 1988 48
0.033874000000650994 1981 48
0.03283700000611134 1983 47
0.03448400000343099 1988 48
0.034302000000025146 2007 48
0.033324999996693805 974 23
0.03363000000535976 1009 24
0.03418000000237953 1021 23
0.0339349999994738 1986 48
0.03338599999551661 3954 96
0.03424100000120234 5017 122
0.032959000003756955 4986 120
0.03289800000493415 1988 48
0.03369100000418257 1013 24
0.033020000002579764 975 23
0.03479000000515953 6040 147
0.031006000004708767 936 22
0.033324999996693805 999 23
0.033508000007714145 2059 49
0.034302000000025146 1984 47
0.032286999994539656 975 23
0.033020000002579764 2993 73
0.033020000002579764 1982 48
0.03442399999767076 1014 24
0.03259200000320561 1949 46
0.03387499999371357 1015 24
0.03363099999842234 2014 48
0.03240899999218527 972 23
0.03283700000611134 974 23
0.03143300001102034 2999 72
0.03393599999253638 998 23
0.03308100000140257 1993 46
0.03289799999038223 6036 146
0.03179900000395719 934 22
0.03289800000493415 2025 48
0.033690999989630654 1013 24
0.032959000003756955 972 23
0.03369199999724515 1010 23
0.0339349999994738 5007 122
0.03375300001061987 1986 48
0.03216499999689404 6953 168
0.03320299999904819 2027 48
0.034362999998847954 1006 23
0.03271499999391381 969 22
0.03179900000395719 3988 97
0.034362999998847954 1010 24
0.03350900000077672 1013 23
0.03186000000278 967 22
0.03350799999316223 2027 49
0.031860999995842576 956 22
0.03344700000889134 3002 73
0.03149400000984315 1985 47
0.03356899999198504 996 23
0.033936000007088296 1031 23
0.032286999994539656 962 21
0.032959000003756955 1991 48
0.032959000003756955 8040 195
0.03179900000395719 1945 46
0.03424100000120234 1013 24
0.032470000005559996 970 23
0.03369199999724515 2048 49
0.03289800000493415 973 23
0.032409999999799766 4011 58
0.032959000003756955 972 23
0.03405800000473391 2014 47
0.03448499999649357 4001 96
0.03222599999571685 2954 71
0.03320299999904819 3009 72
0.033324999996693805 1012 24
0.033387000003131106 2950 70
0.033263999997871 1011 24
0.03308100000140257 996 23
0.033020000002579764 972 22
0.034546000009868294 3037 73
0.032775999992736615 975 23
0.03405800000473391 1016 24
0.03179900000395719 973 23
0.03350799999316223 998 23
totals: 69.87525300026755 2056 8.933376953E9 100000
