51
24
20
17
16
15
15
15
15
15
15
15
14
15
15
15
16
15
14
14
15
15
16
15
15
15
15
14
14
15
15
15
14
14
14
15
14
27
13
13
14
14
13
13
13
14
13
13
15
14
14
13
13
14
17
13
13
13
27270
57
51
49
49
44
43
42
42
42
42
43
42
42
41
44
42
42
43
42
42
42
44
42
44
41
41
42
44
42
42
42
42
41
41
42
42
78
49
43
43
43
42
42
42
42
42
45
43
42
41
43
43
42
41
42
47
43
42
43
43
42
42
42
17180
81
75
70
67
71
63
63
61
61
60
61
60
60
63
64
64
64
64
65
65
68
61
60
62
61
60
65
66
64
64
64
64
64
65
61
60
60
60
61
66
65
63
63
63
64
64
64
63
65
65
61
60
63
64
83
69
64
64
63
64
64
66
64
65
64
64
60
85
71
61
62
64
66
64
64
64
67
64
65
64
64
62
61
60
64
66
64
64
64
64
65
60
62
64
60
60
61
61
60
60
64
64
63
63
64
64
65
64
64
63
64
63
65
60
64
100
69
64
64
66
65
64
64
64
64
64
63
15474
76
71
66
67
88
73
79
63
61
61
62
62
61
65
65
64
64
64
66
62
65
63
64
65
64
63
64
63
60
64
65
63
63
64
64
72
65
64
63
66
63
65
64
61
64
64
89
65
63
64
63
63
63
63
63
63
66
63
65
60
61
61
60
60
59
64
64
64
66
63
64
65
65
65
64
60
59
60
61
61
60
63
86
65
62
61
60
64
60
61
61
60
64
65
64
63
64
64
64
65
65
63
60
60
60
64
64
82
66
65
63
64
63
63
64
64
64
64
66
64
64
64
64
60
61
60
60
60
59
64
70
67
64
64
64
64
64
65
65
64
65
64
63
63
60
64
64
60
59
61
60
60
64
63
63
60
61
61
60
60
59
59
64
63
60
60
59
65
81
64
65
65
63
59
60
59
60
80
67
65
63
63
64
63
64
66
64
60
65
64
64
65
64
64
64
63
63
64
63
67
63
64
64
60
60
60
64
65
61
60
60
61
59
61
63
64
64
64
64
78
57
54
54
54
54
69
58
55
59
58
71
59
54
57
55
55
55
55
56
59
58
57
59
58
58
59
58
57
57
58
58
58
58
58
54
22855
81
73
68
64
65
63
62
61
61
61
60
60
64
65
63
63
64
70
65
61
65
65
64
64
63
63
63
63
63
63
63
66
65
64
64
63
64
65
69
64
63
64
64
65
65
64
64
63
64
60
60
60
59
64
84
68
64
66
65
63
64
64
63
64
85
68
63
64
64
63
63
64
63
65
65
64
64
63
66
64
63
64
65
65
64
63
65
64
64
63
64
60
64
63
62
64
60
62
60
61
64
63
63
64
64
65
63
64
63
65
60
62
78
69
64
80
64
64
64
65
65
64
65
65
64
64
64
66
60
61
60
64
64
66
63
63
63
64
64
65
64
63
64
65
64
63
64
64
63
63
65
64
61
62
61
60
64
61
63
62
69
64
64
63
64
65
66
65
64
65
61
60
60
61
65
72
66
64
66
64
65
64
64
66
67
65
65
65
65
64
64
65
61
61
65
64
63
63
66
63
64
64
63
65
64
63
63
82
70
65
64
65
61
63
66
60
63
59
64
61
60
64
64
64
65
64
64
65
64
64
64
61
61
60
60
63
80
66
66
64
64
64
64
65
64
63
64
64
64
65
64
65
63
65
66
70
65
64
63
63
63
64
64
65
65
66
64
63
66
64
63
60
60
59
63
64
62
59
59
60
65
65
64
63
64
66
65
63
64
64
64
63
59
61
60
64
77
67
64
74
58
58
76
60
56
55
56
56
54
59
58
60
59
58
58
79
64
64
64
65
65
64
63
64
64
64
64
64
64
63
64
64
64
71
64
60
59
60
64
64
60
60
63
63
63
75
57
57
58
62
71
62
54
58
54
54
54
54
57
94
61
58
58
58
57
58
57
57
57
55
55
55
54
59
58
57
58
58
72
40
40
39
39
39
40
39
38
39
39
42
39
38
39
42
38
38
39
38
45
39
38
38
39
39
38
38
38
40
38
42
38
47
64
41
38
36
36
36
36
36
36
36
36
36
36
41
37
36
37
36
37
36
36
37
36
36
36
37
36
37
36
40
37
37
36
52
42
37
37
53
38
38
36
36
36
36
36
41
36
36
37
36
36
36
36
36
36
37
36
36
36
36
37
39
37
36
36
36
36
36
35
35
36
36
37
36
36
37
36
40
37
36
36
50
41
37
37
37
36
36
36
36
37
36
37
40
43
28
27
27
27
21818
62
63
63
61
58
57
58
55
58
57
54
55
55
57
58
58
57
57
57
57
58
57
57
58
57
58
58
58
58
64
56
58
58
57
56
57
58
58
57
57
57
57
57
57
57
57
57
57
55
58
58
54
54
54
55
54
54
53
54
54
55
54
54
57
58
76
58
57
58
58
59
58
57
57
57
57
82
63
59
58
59
58
58
54
55
55
55
54
58
57
58
58
59
58
58
58
58
58
58
59
59
56
55
56
55
55
55
55
59
55
58
54
58
56
55
59
59
59
58
58
60
58
58
55
64
59
58
55
56
55
58
55
77
59
59
59
55
55
58
59
58
58
57
58
59
59
58
59
58
58
58
58
59
58
55
55
54
58
59
58
58
58
58
58
58
59
58
58
58
58
60
75
64
55
57
58
56
55
55
54
55
55
59
58
59
57
59
59
59
58
54
54
56
55
55
55
55
58
59
72
66
59
58
60
59
59
59
55
58
58
59
58
58
58
58
58
58
57
59
74
63
59
58
57
57
57
58
59
59
59
58
58
58
58
58
57
58
63
58
57
55
54
54
55
54
54
55
54
54
58
58
57
57
62
58
57
58
57
57
57
54
54
54
54
54
57
88
64
59
59
58
59
58
58
58
58
58
54
54
55
55
57
58
59
58
57
58
58
58
58
58
58
58
58
54
55
54
55
55
54
54
54
64
41
39
39
39
39
39
38
39
38
38
38
49
42
38
38
42
38
38
38
39
38
41
38
38
39
38
38
39
38
38
41
42
38
38
39
38
39
38
38
38
39
38
38
38
38
50
39
43
41
38
38
38
38
39
38
39
38
41
38
51
42
39
39
42
39
39
38
42
39
38
39
38
39
41
38
39
38
38
38
42
39
39
41
38
39
38
39
38
39
38
38
38
38
39
38
42
39
38
38
41
38
39
38
38
39
38
39
41
38
39
38
42
38
39
39
38
39
38
39
38
38
38
38
45
29
29
29
31
30
30
29
29
29
29
29
29
29
29
29
29
29
29
29
31
29
29
29
29
29
29
36
30
30
29
39
31
29
29
29
32
29
29
29
29
29
29
29
29
29
29
29
29
30
30
29
32
29
29
29
30
30
30
30
29
29
30
29
29
29
29
29
31
29
29
29
29
28
29
29
29
29
29
31
29
30
29
29
32
29
29
29
29
29
29
29
29
29
29
29
29
29
29
29
32
29
29
29
29
29
29
29
29
30
29
29
29
29
32
29
31
29
29
29
29
29
29
29
29
29
36
31
30
29
29
29
31
30
29
30
30
29
29
29
29
29
29
29
29
29
30
29
32
29
29
29
29
29
29
29
30
29
29
36
29
29
29
43
25
24
23
23
23
23
23
23
23
23
31
25
24
24
24
23
25
23
23
23
24
24
24
23
23
23
23
23
23
23
23
23
26
23
23
23
23
23
23
23
23
24
24
24
24
24
23
23
25
23
24
24
24
24
23
23
23
23
25
24
23
23
23
24
26
23
23
23
23
23
23
23
23
23
23
23
23
23
23
23
25
23
23
23
23
23
23
23
23
23
23
23
23
23
23
23
25
24
23
24
23
24
23
23
23
31
26
24
23
23
23
24
26
23
23
23
23
23
24
24
26
24
24
23
23
23
23
24
26
24
23
23
23
23
23
23
23
23
23
23
23
23
23
23
25
23
23
23
23
24
24
24
24
30
25
23
52
26
24
23
24
23
24
24
24
24
24
24
23
24
24
24
24
24
23
24
24
23
24
23
24
23
24
23
24
24
23
24
24
24
24
24
24
23
24
23
24
25
24
23
24
27
35
20
20
20
20
20
21
20
19
20
21
20
20
20
19
20
19
20
20
19
20
20
20
20
19
22
20
19
20
20
20
19
20
20
20
19
19
20
20
20
20
21
20
20
20
20
25
21
20
20
19
20
20
19
20
20
20
21
20
20
20
20
20
20
19
20
20
19
20
20
19
20
20
22
20
20
19
19
20
20
20
20
19
20
20
20
20
19
21
21
20
20
19
19
21
20
20
20
19
20
20
20
19
19
20
22
20
19
20
20
20
19
20
20
20
20
19
19
19
20
20
21
20
20
19
19
20
20
20
20
19
19
19
19
19
20
20
22
25
21
20
20
21
20
20
19
20
20
20
19
19
20
20
21
19
20
20
20
19
20
20
20
19
20
20
19
20
20
19
21
19
19
20
20
20
19
20
20
20
20
20
19
19
20
20
21
20
20
20
25
21
21
20
20
19
19
19
20
20
20
20
22
20
20
19
19
20
20
20
19
19
20
20
20
19
20
20
22
20
19
20
20
20
19
19
19
20
20
20
20
20
34355
22
19
19
19
19
21
18
17
17
16
16
16
16
17
16
16
17
16
17
16
16
16
16
17
17
16
19
17
17
17
16
16
16
16
16
17
16
16
16
17
18
17
17
18
17
17
16
17
16
32
18
19
25
20
19
19
19
19
19
18
18
19
18
18
19
18
18
18
18
18
18
19
23
19
18
18
19
19
18
18
18
19
18
18
18
18
18
18
18
18
19
19
18
18
18
18
18
18
18
18
22
20
18
18
18
18
18
18
18
18
18
19
18
18
18
18
19
18
18
18
19
18
18
18
18
18
18
18
18
19
18
18
18
18
19
19
18
18
18
19
18
18
18
18
19
18
18
18
20
18
18
19
18
18
18
19
18
18
19
18
18
19
18
20
19
18
19
19
19
19
19
19
19
19
18
18
18
18
18
18
18
18
18
18
19
18
18
19
19
18
18
18
18
18
18
23
22
19
25
18
18
18
18
19
19
19
19
18
18
18
18
18
19
18
18
19
18
18
18
19
19
18
18
18
18
18
18
18
18
18
18
19
18
18
18
18
19
19
18
18
18
19
18
19
19
19
18
18
18
19
18
18
18
18
18
19
18
18
18
18
19
19
18
18
18
18
18
18
19
19
18
18
18
19
18
18
18
18
18
18
18
18
18
18
19
19
19
19
19
19
19
19
18
18
18
18
18
18
18
19
18
18
19
18
18
18
18
19
18
18
19
18
18
18
18
19
18
18
18
19
19
18
18
18
18
18
18
18
18
19
19
18
18
18
18
18
18
19
23
20
19
19
19
19
19
19
19
18
18
18
18
18
18
19
18
18
18
18
18
18
19
19
18
18
18
18
20
18
19
19
18
18
18
19
18
18
18
19
18
18
18
18
18
18
18
18
20
18
18
18
18
18
18
20
18
18
18
18
18
18
18
18
18
18
18
18
18
18
23
20
19
18
18
20
18
18
19
18
18
18
18
18
18
18
18
18
18
19
18
20
18
18
18
24
20
19
19
18
18
18
18
19
18
18
18
20
18
18
19
18
18
19
18
18
18
18
18
19
18
18
18
20
18
18
19
18
18
17
18
18
18
18
18
18
18
18
18
19
18
18
18
25
20
18
18
18
19
18
18
19
18
18
18
22
18
18
18
18
19
18
18
18
19
18
18
18
18
19
18
20
19
18
18
18
19
18
18
18
19
18
18
19
18
18
18
20
18
18
18
20
19
19
18
18
18
18
20
18
18
19
18
20
18
18
18
18
18
18
19
18
18
18
19
18
18
18
19
20
19
18
18
18
18
18
18
18
18
18
18
18
19
18
18
20
18
18
23
20
18
18
18
18
19
19
19
18
18
18
19
20
18
19
19
18
18
18
19
18
18
18
18
19
18
18
18
19
18
18
18
19
18
18
18
19
18
18
18
19
18
23
18
20
18
18
19
19
18
18
18
18
18
18
19
18
18
19
18
20
19
18
18
19
18
18
18
18
18
18
19
18
18
19
18
20
19
18
18
18
18
18
18
19
19
18
18
18
18
18
18
20
19
18
19
18
18
18
18
19
18
18
18
18
18
18
19
20
18
19
18
18
18
18
18
18
19
18
18
18
19
19
18
20
18
18
18
18
20
19
18
18
18
18
18
19
19
18
18
19
18
23
20
18
18
18
19
18
18
18
19
19
18
18
18
20
19
18
18
18
18
19
19
18
18
18
18
19
18
18
19
20
18
19
18
18
19
19
18
18
18
19
18
18
18
19
18
20
18
19
18
18
18
18
18
18
18
18
18
18
18
18
19
20
18
19
18
18
18
18
19
18
18
19
19
18
18
18
18
20
18
18
18
18
19
18
18
18
18
19
18
18
18
19
18
19
23
20
19
18
18
18
19
18
18
18
18
18
18
18
46
21
19
19
19
19
18
18
19
18
19
18
18
18
19
19
18
18
19
18
18
18
19
18
18
18
18
19
19
18
18
18
18
19
25
20
18
18
18
19
19
19
18
18
18
19
19
18
20
18
18
19
18
18
18
19
18
18
19
18
18
18
18
18
18
19
19
18
18
18
19
18
18
18
18
19
19
18
18
18
19
18
20
18
19
19
18
18
18
19
18
18
18
18
18
18
18
19
18
18
20
18
18
18
18
18
18
19
18
18
19
18
18
19
18
18
19
18
19
18
18
19
18
18
18
18
18
19
18
22
20
19
20
19
19
18
18
18
18
18
18
18
18
18
18
18
18
18
19
18
18
19
18
18
18
19
18
18
18
19
18
18
18
18
20
19
19
18
18
18
18
18
18
18
18
18
18
19
18
18
20
18
18
18
18
18
19
18
18
19
18
18
18
18
18
19
20
19
18
18
18
18
19
19
18
18
18
19
18
18
23
19
20
19
19
19
18
18
20
19
19
18
18
19
18
20
18
18
19
18
18
18
19
18
18
19
18
18
18
18
18
18
18
18
20
19
18
19
18
18
18
19
18
18
18
18
19
18
18
18
21
19
18
19
18
18
18
19
19
18
18
18
23
20
18
18
20
18
18
18
18
18
18
18
19
19
18
18
18
19
18
18
19
18
18
18
19
19
18
18
19
18
18
18
18
18
18
19
20
18
18
18
18
18
19
18
18
18
18
18
20
19
19
18
20
19
19
18
18
18
19
18
18
18
19
18
18
18
19
18
20
19
18
18
18
18
19
18
18
18
19
18
18
18
19
18
19
18
18
18
19
18
18
18
18
18
18
24
20
19
18
18
20
19
18
18
18
18
19
18
18
18
18
19
18
18
18
18
21
18
18
18
19
18
18
18
18
18
18
19
19
18
18
18
20
19
19
18
18
18
19
18
18
18
19
23
19
18
18
59
21
19
19
19
19
18
18
18
18
18
18
19
18
18
18
19
19
18
18
19
18
18
18
18
19
18
18
18
19
19
18
18
18
19
18
18
19
18
18
18
18
18
18
20
19
19
18
18
18
18
18
19
18
18
18
18
19
18
18
18
19
18
18
18
18
18
18
18
19
19
18
18
18
18
19
18
18
18
18
18
18
19
18
18
19
19
18
18
18
19
23
20
18
18
18
19
19
19
18
18
18
18
18
18
19
19
18
18
18
18
18
19
18
18
31
16
16
16
15
16
16
16
16
16
15
16
16
15
16
16
16
16
16
16
16
16
16
16
21
17
16
17
16
16
16
16
16
16
16
16
16
15
16
16
16
16
16
16
16
16
16
17
16
16
17
16
16
16
16
16
16
16
16
16
16
15
16
16
16
16
16
17
16
16
16
16
17
16
16
16
16
16
16
16
16
16
15
16
16
16
16
16
17
16
16
16
16
16
16
15
16
18
16
15
16
16
15
16
16
16
16
19
17
16
16
16
16
17
16
16
16
16
15
21
17
16
16
16
15
16
16
15
16
18
16
16
16
16
16
16
16
15
16
16
15
16
16
16
16
17
16
16
16
16
16
16
16
16
16
16
16
16
16
15
16
18
16
16
16
16
16
17
16
16
16
16
16
16
16
16
16
17
16
16
16
15
16
16
15
16
16
15
16
16
15
16
16
18
17
16
16
15
16
16
16
15
16
16
16
16
16
16
15
17
16
16
16
16
20
18
16
16
16
16
15
16
16
16
16
18
16
16
16
16
16
15
16
16
16
16
16
16
16
16
16
17
16
16
16
15
16
16
15
16
16
15
16
16
15
16
16
17
16
16
16
16
20
17
16
16
16
16
16
16
16
16
16
17
16
16
16
15
16
16
16
15
16
16
15
16
16
15
16
17
16
16
16
16
16
15
16
16
15
16
16
27
14
14
14
15
13
14
14
14
15
15
14
14
14
14
14
14
14
14
14
17
14
14
14
14
14
14
14
14
13
14
14
14
14
14
14
15
14
14
14
14
14
14
14
14
15
14
14
14
14
14
14
15
30
15
15
19
16
14
14
14
14
14
16
14
14
14
14
14
14
14
14
14
14
14
15
14
14
14
14
14
14
15
14
14
14
14
14
14
14
14
14
14
14
14
14
14
14
14
14
14
14
14
14
18
15
14
14
14
14
14
14
14
14
15
14
14
14
14
14
14
14
13
14
14
14
14
13
14
14
14
14
14
14
14
14
14
14
14
14
14
14
14
14
14
14
14
14
15
33
16
47
17
29
15
15
15
15
14
14
14
14
14
14
14
14
14
14
14
14
14
14
14
15
14
14
14
14
14
14
14
14
14
14
14
14
14
14
14
16
14
15
14
14
14
14
14
14
14
18
15
14
14
14
14
15
14
14
14
14
15
14
14
14
14
14
14
14
14
14
14
15
14
14
14
14
14
14
14
14
14
14
13
15
14
14
14
15
14
14
14
14
14
14
14
14
14
15
14
14
14
14
14
15
14
15
14
14
14
14
14
14
14
14
14
14
14
14
14
15
14
14
14
14
14
14
14
13
14
14
14
14
14
14
14
16
14
14
14
14
14
14
13
14
18
20
