0.0020749999998770363 1940 18
0.0020759999999881984 289 0
0.0021360000000640866 1865 20
0.0020749999998770363 856 8
0.0020139999999173597 2898 30
0.0020150000000285218 3874 42
0.0020139999999173597 1826 19
0.001952999999957683 2837 28
0.0021360000000640866 8758 98
0.0020139999999173597 753 8
0.0020140000001447333 1856 23
0.0020749999998770363 1858 23
0.00207500000010441 883 11
0.00207500000010441 892 6
0.002014999999801148 888 11
0.0021360000000640866 1944 24
0.0020749999998770363 918 11
0.0020759999999881984 1902 22
0.0020749999998770363 2873 37
0.00207500000010441 829 10
0.0020139999999173597 901 11
0.0020759999999881984 910 9
0.0020139999999173597 2905 38
0.0020150000000285218 1816 20
0.002135999999836713 872 10
0.0020140000001447333 851 11
0.002135999999836713 920 7
0.0020140000001447333 908 12
0.0020139999999173597 1890 27
0.0020749999998770363 5908 86
0.0020749999998770363 8802 127
0.0020749999998770363 2625 40
0.0020140000001447333 846 12
0.0020749999998770363 882 12
0.0020759999999881984 1933 25
0.0020749999998770363 776 10
0.0020749999998770363 4922 66
0.00207500000010441 716 9
0.0020749999998770363 872 12
0.00207500000010441 888 12
0.0020139999999173597 4912 71
0.0020759999999881984 762 7
0.00207500000010441 905 12
0.00207500000010441 3896 56
0.0020759999999881984 855 12
0.0020139999999173597 860 8
0.0020749999998770363 1903 27
0.0020150000000285218 1812 25
0.00207500000010441 891 12
0.0021360000000640866 2940 43
0.002014999999801148 899 12
0.0019530000001850567 826 10
0.0020139999999173597 3836 55
0.0020759999999881984 790 11
0.0020139999999173597 1887 24
0.00207500000010441 906 13
0.0020749999998770363 934 11
0.0020140000001447333 852 12
0.0020139999999173597 1943 28
0.002135999999836713 1919 29
0.002076000000215572 1908 28
0.0020749999998770363 1902 28
0.00207500000010441 904 13
0.0020139999999173597 886 12
0.0018930000001091685 1897 27
0.0020749999998770363 810 5
0.0020759999999881984 4873 74
0.00207500000010441 3926 59
0.001952999999957683 875 12
0.0020139999999173597 1850 26
0.00207500000010441 876 12
0.0021360000000640866 1947 31
0.001954000000068845 868 14
0.00207500000010441 4979 87
0.0019539999998414714 876 14
0.001952999999957683 2941 48
0.0019530000001850567 3854 63
0.0020139999999173597 1756 28
0.00207500000010441 870 14
0.0020749999998770363 979 16
0.00207500000010441 1946 33
0.00207500000010441 2897 50
0.0020139999999173597 920 15
0.0020759999999881984 952 12
0.0020140000001447333 895 13
0.0020749999998770363 904 14
0.001954000000068845 3865 64
0.00207500000010441 921 15
0.0020139999999173597 930 14
0.0020140000001447333 1945 32
0.0020749999998770363 953 15
0.0020749999998770363 1935 32
0.0020140000001447333 903 14
0.001952999999957683 940 15
0.001952999999957683 1865 25
0.001770000000078653 820 12
0.0021360000000640866 937 9
0.0020140000001447333 1849 30
0.0020139999999173597 856 14
0.0020139999999173597 2968 51
0.0021360000000640866 1949 33
0.0020139999999173597 907 15
0.00207500000010441 960 16
0.0020759999999881984 2977 48
0.002136999999947875 4913 84
0.0021360000000640866 3807 64
0.001952999999957683 820 13
0.001952999999957683 1854 31
0.0018310000000383297 1876 31
0.0017089999998916028 1791 27
0.0020140000001447333 901 15
0.0021360000000640866 7112 115
0.001952999999957683 4675 77
0.001952999999957683 2816 46
0.0021360000000640866 913 14
0.001952999999957683 922 13
0.00207500000010441 1896 30
0.0020150000000285218 852 13
0.0020749999998770363 963 15
0.001952999999957683 896 14
0.00207500000010441 879 13
0.00207500000010441 1905 30
0.0020749999998770363 2856 43
0.00207500000010441 823 12
0.00207500000010441 805 12
0.0020150000000285218 1906 29
0.0020749999998770363 851 13
0.001952999999957683 1874 29
0.0020749999998770363 757 11
0.00207500000010441 894 13
0.0020759999999881984 870 13
0.0020139999999173597 881 13
0.00207500000010441 3879 62
0.0020150000000285218 819 12
0.001952999999957683 1960 30
0.0020139999999173597 899 9
0.0020140000001447333 737 11
0.0020749999998770363 890 13
0.0020140000001447333 1928 30
0.0020139999999173597 881 13
0.0020749999998770363 883 12
0.0019539999998414714 2908 46
0.0020139999999173597 3860 60
0.0020139999999173597 773 11
0.001952999999957683 2884 43
0.0020139999999173597 1712 27
0.0020749999998770363 3933 58
0.0020749999998770363 1791 26
0.0020759999999881984 851 12
0.0020140000001447333 866 12
0.0020749999998770363 890 13
0.0021970000000237633 1959 31
0.001952999999957683 1886 30
0.00207500000010441 4881 77
0.0020749999998770363 1812 29
0.0020140000001447333 4857 77
0.0020140000001447333 3828 62
0.00207500000010441 1721 27
0.0020139999999173597 855 13
0.002135999999836713 1960 27
0.0019530000001850567 861 13
0.001952999999957683 2841 44
0.0020140000001447333 1894 30
0.002136999999947875 836 12
0.0020139999999173597 952 13
0.0020139999999173597 2852 39
0.0020140000001447333 852 13
0.0020759999999881984 945 14
0.0021360000000640866 1920 23
0.0018919999999980064 827 12
0.002135999999836713 2878 32
0.0020139999999173597 1742 25
0.0020139999999173597 809 10
0.0019530000001850567 875 13
0.002014999999801148 868 11
0.0020140000001447333 2900 44
0.00207500000010441 1783 21
0.001952999999957683 1853 27
0.00207500000010441 714 10
0.002136999999947875 2904 8
0.0020139999999173597 718 17
0.0020140000001447333 864 22
0.0020139999999173597 904 21
0.0021360000000640866 935 23
0.0020749999998770363 902 22
0.0020759999999881984 926 24
0.0018310000000383297 1864 39
0.0020139999999173597 833 19
0.00207500000010441 918 22
0.00207500000010441 938 23
0.0021360000000640866 1889 46
0.0021360000000640866 864 21
0.00207500000010441 1896 45
0.0020759999999881984 748 19
0.0020139999999173597 2846 68
0.00207500000010441 782 21
0.002136999999947875 915 24
0.0020140000001447333 2900 73
0.0020749999998770363 790 18
0.00207500000010441 893 23
0.0020749999998770363 1917 45
0.0021360000000640866 6885 174
0.0020139999999173597 770 16
0.00207500000010441 890 23
0.00207500000010441 1907 46
0.0020139999999173597 879 23
0.001952999999957683 880 20
0.0020759999999881984 2913 73
0.0020139999999173597 1762 41
0.00207500000010441 845 21
0.0020749999998770363 911 24
0.0020140000001447333 2868 71
0.00207500000010441 1843 44
0.0020139999999173597 840 21
0.0020139999999173597 1029 16
0.0020759999999881984 763 17
0.00207500000010441 1918 49
0.001830999999810956 759 12
0.0020749999998770363 4865 120
0.0020140000001447333 763 15
0.0020139999999173597 888 23
0.0020759999999881984 961 24
0.002135999999836713 4871 114
0.0020139999999173597 2794 79
0.00207500000010441 1801 50
0.0020139999999173597 3865 105
0.0020749999998770363 1923 43
0.002076000000215572 1620 46
0.002135999999836713 1824 47
0.0020150000000285218 2853 76
0.00207500000010441 817 23
0.001952999999957683 1863 53
0.0020139999999173597 2895 80
0.0020139999999173597 2807 80
0.00207500000010441 1834 52
0.0021360000000640866 2869 85
0.0020139999999173597 882 25
0.0020140000001447333 904 26
0.0020139999999173597 1288 21
0.0020139999999173597 3516 101
0.00207500000010441 798 22
0.0020749999998770363 919 26
0.0020140000001447333 2897 81
0.0020139999999173597 933 25
0.0020140000001447333 952 26
0.0020749999998770363 2994 85
0.00207500000010441 1879 54
0.0020139999999173597 950 26
0.0021370000001752487 1981 56
0.0020139999999173597 1944 41
0.00207500000010441 950 27
0.00207500000010441 3913 111
0.0021360000000640866 1900 54
0.001952999999957683 906 25
0.001954000000068845 1869 53
0.0020150000000285218 5922 165
0.0021360000000640866 534 14
0.0020139999999173597 5932 157
0.0020139999999173597 751 20
0.00207500000010441 2916 82
0.0020759999999881984 948 26
0.0020139999999173597 909 25
0.00207500000010441 964 26
0.0020139999999173597 974 26
0.0020139999999173597 1925 53
0.0020150000000285218 945 25
0.0020749999998770363 1963 47
0.0020140000001447333 4959 141
0.0020139999999173597 958 25
0.0020140000001447333 4960 136
0.0020139999999173597 934 26
0.002136999999947875 2986 85
0.001952999999957683 934 26
0.0020140000001447333 906 25
0.0020749999998770363 995 28
0.0020759999999881984 2958 74
0.0020139999999173597 947 26
0.0020140000001447333 1976 55
0.001952999999957683 1929 55
0.002076000000215572 970 27
0.0020139999999173597 945 25
0.001952999999957683 2966 83
0.0021360000000640866 971 27
0.0018919999999980064 1928 55
0.0020139999999173597 2963 78
0.00207500000010441 981 28
0.0019539999998414714 920 25
0.00207500000010441 1005 27
0.0020139999999173597 950 26
0.0020140000001447333 971 27
0.0020139999999173597 941 26
0.0020749999998770363 1002 28
0.0019530000001850567 932 26
0.00207500000010441 3892 113
0.0020139999999173597 908 25
0.0020150000000285218 941 25
0.001952999999957683 937 26
0.0020140000001447333 903 25
0.00207500000010441 2009 52
0.0020759999999881984 1953 54
0.00207500000010441 1954 55
0.0018919999999980064 3926 112
0.0020150000000285218 934 26
0.0020139999999173597 1991 56
0.001952999999957683 1898 55
0.0020139999999173597 1969 57
0.001952999999957683 1931 43
0.0020139999999173597 943 27
0.0020140000001447333 973 27
0.0020139999999173597 982 26
0.0020139999999173597 1982 56
0.0020139999999173597 2925 85
0.001952999999957683 2944 82
0.001952999999957683 1940 55
0.0021360000000640866 979 27
0.002014999999801148 1217 21
0.0020140000001447333 716 20
0.0020139999999173597 959 27
0.0019530000001850567 1931 54
0.0019530000001850567 1899 53
0.0020749999998770363 2889 83
0.00207500000010441 880 24
0.002014999999801148 2931 74
0.0020140000001447333 943 27
0.0020140000001447333 2006 57
0.0020139999999173597 964 26
0.0020139999999173597 952 27
0.0020150000000285218 944 27
0.00207500000010441 1008 29
0.0020749999998770363 2979 85
0.0020150000000285218 1953 56
0.0020140000001447333 961 26
0.001952999999957683 944 26
0.0020749999998770363 976 28
0.0020140000001447333 953 27
0.001952999999957683 960 27
0.0020139999999173597 2190 49
0.00207500000010441 782 21
0.0020139999999173597 933 26
0.0020749999998770363 2006 57
0.001954000000068845 935 26
0.0020139999999173597 965 27
0.0020140000001447333 996 27
0.0020749999998770363 975 27
0.0020139999999173597 990 28
0.0020140000001447333 954 27
0.0019539999998414714 954 26
0.0020140000001447333 1118 22
0.001952999999957683 2840 80
0.0020140000001447333 2945 84
0.0020139999999173597 1951 55
0.00207500000010441 1007 27
0.0020150000000285218 1935 54
0.0020139999999173597 2979 87
0.0020140000001447333 2219 50
0.0020759999999881984 709 20
0.001952999999957683 937 26
0.0020139999999173597 2971 85
0.0020150000000285218 1943 55
0.0020749999998770363 984 27
0.0018919999999980064 1948 56
0.0020139999999173597 974 27
0.00207500000010441 961 26
0.0020139999999173597 1966 57
0.0020139999999173597 940 27
0.0020139999999173597 1947 48
0.001954000000068845 2966 83
0.0020139999999173597 1972 57
0.0019530000001850567 952 27
0.0018919999999980064 1954 54
0.0020749999998770363 3158 81
0.0020139999999173597 1780 52
0.0020139999999173597 961 27
0.0020759999999881984 991 27
0.0019530000001850567 941 25
0.0020749999998770363 958 26
0.00207500000010441 975 28
0.0020139999999173597 1922 55
0.0020759999999881984 984 28
0.0020749999998770363 1967 56
0.0020140000001447333 942 26
0.0020139999999173597 958 27
0.0020150000000285218 2120 50
0.0020140000001447333 784 21
0.0020140000001447333 2944 85
0.002135999999836713 892 24
0.0020150000000285218 947 26
0.0020139999999173597 2930 84
0.0021360000000640866 3973 114
0.0020139999999173597 3930 104
0.0020150000000285218 957 27
0.0020140000001447333 1926 55
0.0020749999998770363 985 28
0.00207500000010441 987 28
0.0020139999999173597 979 28
0.001954000000068845 945 26
0.0020749999998770363 1011 27
0.001952999999957683 959 27
0.0020140000001447333 931 26
0.0020139999999173597 977 27
0.0020139999999173597 3016 87
0.0020139999999173597 1915 43
0.0021360000000640866 1016 29
0.001952999999957683 931 26
0.0019530000001850567 1989 56
0.0020749999998770363 1958 55
0.0020140000001447333 945 26
0.001952999999957683 3955 114
0.0020140000001447333 1955 57
0.0020749999998770363 1018 29
0.0020150000000285218 956 27
0.0020139999999173597 956 27
0.00207500000010441 1010 28
0.0020139999999173597 2955 74
0.0020150000000285218 977 28
0.001952999999957683 926 26
0.0020150000000285218 5002 142
0.00207500000010441 4961 145
0.0020150000000285218 965 27
0.001952999999957683 3972 115
0.00207500000010441 976 28
0.0019539999998414714 1514 21
0.0020749999998770363 1382 40
0.001952999999957683 1983 57
0.0020749999998770363 979 28
0.0020150000000285218 950 27
0.001952999999957683 971 27
0.0021360000000640866 1971 55
0.0020139999999173597 979 27
0.0020759999999881984 1971 57
0.0020139999999173597 4949 141
0.0020139999999173597 950 26
0.0020150000000285218 963 27
0.0020140000001447333 976 27
0.0020749999998770363 1009 28
0.0020139999999173597 972 28
0.0020139999999173597 3960 116
0.0020150000000285218 4971 133
0.0020140000001447333 1936 55
0.001952999999957683 1960 56
0.002014999999801148 1938 55
0.0019530000001850567 7962 139
0.0020139999999173597 811 24
0.0021360000000640866 941 28
0.001952999999957683 1942 39
0.0020140000001447333 1978 57
0.0020139999999173597 947 27
0.0020139999999173597 981 28
0.0020759999999881984 1005 29
0.0020139999999173597 2950 79
0.0020150000000285218 8996 256
0.0020139999999173597 2916 83
0.00207500000010441 990 28
0.001952999999957683 1921 51
0.0020759999999881984 954 27
0.0020139999999173597 3995 116
0.0020150000000285218 970 27
0.001952999999957683 935 27
0.0021360000000640866 1015 28
0.0020140000001447333 1951 57
0.0020749999998770363 2981 81
0.0020139999999173597 2966 86
0.0020150000000285218 1909 56
0.0020139999999173597 969 27
0.0020139999999173597 1042 23
0.0020759999999881984 4917 144
0.00207500000010441 3969 115
0.001952999999957683 951 26
0.0020150000000285218 953 26
0.00207500000010441 2944 86
0.0020759999999881984 1953 50
0.0020749999998770363 1924 57
0.0020139999999173597 1956 57
0.002014999999801148 2961 87
0.0020749999998770363 1957 55
0.0020139999999173597 1969 58
0.002076000000215572 1968 58
0.0019530000001850567 2967 83
0.0020749999998770363 933 27
0.00207500000010441 1979 57
0.001952999999957683 963 27
0.0020139999999173597 905 25
0.0020139999999173597 2007 58
0.0020139999999173597 1933 57
0.0021360000000640866 1003 29
0.001952999999957683 940 27
0.0020749999998770363 1972 47
0.0020749999998770363 1963 57
0.0020749999998770363 6005 174
0.0020139999999173597 1949 56
0.0020140000001447333 1088 21
0.0020139999999173597 2771 82
0.0020140000001447333 931 26
0.0020749999998770363 1007 29
0.0020140000001447333 972 28
0.0020139999999173597 2965 86
0.001952999999957683 938 26
0.0018310000000383297 936 22
0.0017090000001189765 1251 19
0.0020150000000285218 3672 107
0.0020749999998770363 3995 118
0.002014999999801148 7941 228
0.0020139999999173597 1986 57
0.0020749999998770363 1945 55
0.0020139999999173597 945 26
0.0020150000000285218 969 27
0.001952999999957683 2002 52
0.0020139999999173597 1929 57
0.0020150000000285218 1935 56
0.0020140000001447333 1951 55
0.0020749999998770363 992 28
0.0020140000001447333 845 24
0.0020749999998770363 766 22
0.0020139999999173597 1909 57
0.0020140000001447333 942 19
0.0020139999999173597 1859 55
0.001952999999957683 3966 120
0.0020140000001447333 895 25
0.00207500000010441 1988 59
0.0020139999999173597 962 28
0.0020150000000285218 977 28
0.001952999999957683 1046 24
0.0020140000001447333 1876 54
0.0021360000000640866 2008 59
0.0020139999999173597 1973 58
0.0020140000001447333 1922 56
0.0020140000001447333 2001 58
0.0020759999999881984 998 29
0.0020139999999173597 1961 58
0.0020139999999173597 3016 83
0.0020759999999881984 942 27
0.0020150000000285218 5937 177
0.00207500000010441 1010 29
0.0020139999999173597 2933 86
0.0020759999999881984 1959 53
0.001952999999957683 5903 175
0.0020139999999173597 1954 58
0.0020140000001447333 936 27
0.0020139999999173597 970 28
0.0020139999999173597 3992 119
0.0020749999998770363 1148 23
0.0020140000001447333 813 23
0.0020749999998770363 960 28
0.0019539999998414714 1913 56
0.0020139999999173597 1998 58
0.001952999999957683 962 28
0.0020150000000285218 2962 87
0.0020139999999173597 905 26
0.0020140000001447333 954 27
0.0020140000001447333 2963 87
0.0020759999999881984 1003 29
0.0020139999999173597 955 28
0.0020140000001447333 969 28
0.001952999999957683 2054 54
0.00207500000010441 909 26
0.001954000000068845 968 28
0.0020749999998770363 997 29
0.0020140000001447333 1944 57
0.0020139999999173597 974 28
0.0020139999999173597 971 28
0.0020759999999881984 1008 28
0.0021360000000640866 2993 90
0.0020749999998770363 1961 58
0.0020140000001447333 3117 83
0.001952999999957683 798 23
0.0020139999999173597 1963 58
0.0020749999998770363 1006 29
0.001952999999957683 1944 58
0.00207500000010441 1014 30
0.0019530000001850567 1938 56
0.0020139999999173597 3961 118
0.0020140000001447333 970 27
0.00207500000010441 2147 53
0.0020150000000285218 828 24
0.0020749999998770363 1987 59
0.0020140000001447333 968 28
0.0019539999998414714 2960 87
0.00207500000010441 978 28
0.001952999999957683 972 28
0.0020749999998770363 2982 88
0.0020150000000285218 950 27
0.0020150000000285218 6988 207
0.00207500000010441 953 28
0.0020139999999173597 3083 83
0.001952999999957683 844 25
0.0020759999999881984 976 29
0.0020139999999173597 1977 59
0.0020140000001447333 1967 57
0.0020139999999173597 972 28
0.001952999999957683 1976 58
0.0020749999998770363 1995 58
0.0020759999999881984 2972 80
0.0020139999999173597 966 28
0.001952999999957683 1962 58
0.002014999999801148 2950 91
0.0018310000000383297 896 26
0.0020140000001447333 968 29
0.0018919999999980064 4939 132
0.0020140000001447333 869 25
0.001952999999957683 3939 116
0.001952999999957683 844 24
0.001952999999957683 935 28
0.001952999999957683 911 27
0.0020150000000285218 1944 58
0.0018919999999980064 888 26
0.0018919999999980064 2898 83
0.0018919999999980064 1884 55
0.001954000000068845 1918 50
0.0018919999999980064 878 26
0.001952999999957683 1937 58
0.0018919999999980064 2894 87
0.0020150000000285218 2901 86
0.001952999999957683 874 25
0.0018310000000383297 869 25
0.0018919999999980064 2961 89
0.001952999999957683 1849 47
0.001952999999957683 1896 57
0.001952999999957683 815 23
0.0018919999999980064 1891 57
0.0018310000000383297 1751 51
0.0018320000001494918 1834 55
0.0019539999998414714 8857 247
0.0018919999999980064 840 24
0.0020150000000285218 6958 205
0.0018919999999980064 2827 81
0.0019530000001850567 869 25
0.0018919999999980064 1921 57
0.001952999999957683 909 26
0.001952999999957683 952 28
0.0018919999999980064 1937 58
0.001952999999957683 880 26
0.001952999999957683 2921 86
0.0020140000001447333 903 27
0.001952999999957683 898 27
0.001954000000068845 957 28
0.0020139999999173597 2964 92
0.00207500000010441 1050 21
0.0021360000000640866 824 25
0.0021970000000237633 1939 60
0.0021360000000640866 974 29
0.00207500000010441 899 27
0.0020139999999173597 7112 209
0.0021979999999075517 3723 115
0.0020139999999173597 2923 89
0.0020140000001447333 6969 198
0.0021360000000640866 1968 61
0.0020759999999881984 1977 61
0.002135999999836713 1988 60
0.0021360000000640866 984 29
0.0021370000001752487 1957 60
0.0020749999998770363 961 28
0.0021970000000237633 1018 30
0.0021360000000640866 979 28
0.00207500000010441 4949 146
0.00207500000010441 1996 60
0.0020749999998770363 982 29
0.0021360000000640866 986 30
0.0020759999999881984 960 29
0.0020139999999173597 968 29
0.001952999999957683 2994 90
0.0020150000000285218 2963 92
0.001952999999957683 1924 51
0.0018919999999980064 942 28
0.001952999999957683 1967 58
0.0019530000001850567 942 28
0.0018919999999980064 913 27
0.0019539999998414714 931 28
0.0018919999999980064 5006 147
0.0020139999999173597 887 26
0.0018919999999980064 3925 105
0.001952999999957683 2893 83
0.0020139999999173597 2913 86
0.0018930000001091685 901 26
0.001952999999957683 908 27
0.001952999999957683 946 28
0.0020150000000285218 6189 170
0.001952999999957683 709 20
0.001952999999957683 2903 87
0.001952999999957683 917 27
0.001952999999957683 5928 173
0.001952999999957683 1856 54
0.001954000000068845 4908 144
0.001952999999957683 892 26
0.001952999999957683 2938 76
0.0020139999999173597 880 26
0.0018930000001091685 2975 89
0.001952999999957683 866 25
0.0018919999999980064 3916 115
0.0020139999999173597 1095 21
0.001952999999957683 778 23
0.0018930000001091685 905 27
0.001952999999957683 963 28
0.0018919999999980064 938 27
0.0018919999999980064 2945 87
0.001952999999957683 915 26
0.001952999999957683 923 27
0.001954000000068845 971 29
0.0018919999999980064 944 27
0.0018919999999980064 3936 116
0.0020140000001447333 1921 57
0.0018919999999980064 921 27
0.001952999999957683 2162 51
0.0019530000001850567 688 20
0.001952999999957683 1906 59
0.0021969999997963896 1973 58
0.0020749999998770363 3951 111
0.0021970000000237633 3965 121
0.00207500000010441 952 27
0.0020150000000285218 950 29
0.0020749999998770363 1972 60
0.0021980000001349254 2993 88
0.002135999999836713 957 24
0.0019530000001850567 925 29
0.0020140000001447333 3880 105
0.002135999999836713 1970 59
0.0020759999999881984 954 22
0.002135999999836713 1948 53
0.0021360000000640866 976 26
0.0020759999999881984 1964 54
0.0021970000000237633 994 27
0.00207500000010441 1965 54
0.0020140000001447333 1975 57
0.0021360000000640866 2967 91
0.0021360000000640866 2972 78
0.0021360000000640866 1976 60
0.0020749999998770363 1961 58
0.0021360000000640866 4981 150
0.0021360000000640866 965 23
0.0020140000001447333 1952 45
0.0018919999999980064 1970 54
0.001952999999957683 2845 81
0.0018919999999980064 891 22
0.0019530000001850567 972 29
0.0018929999998817948 3954 108
0.001770000000078653 3911 93
0.001952999999957683 859 20
0.0018919999999980064 3978 96
0.001954000000068845 875 19
0.0018310000000383297 1934 45
0.0018919999999980064 888 22
0.001952999999957683 948 21
0.001830999999810956 1879 45
0.0018919999999980064 1936 45
0.0018310000000383297 2864 70
0.0018919999999980064 4897 116
0.001952999999957683 909 22
0.0018310000000383297 892 21
0.001952999999957683 973 23
0.0018919999999980064 881 21
0.0018919999999980064 1919 44
0.0018919999999980064 895 21
0.001952999999957683 2925 71
0.0018919999999980064 860 19
0.0017090000001189765 849 22
0.001952999999957683 978 23
0.0018919999999980064 915 21
0.0018310000000383297 929 23
0.001952999999957683 1995 48
0.0018919999999980064 915 20
0.0018310000000383297 838 20
0.001954000000068845 977 21
0.0018919999999980064 927 24
0.001952999999957683 2952 63
0.0018919999999980064 868 22
0.0018310000000383297 908 20
0.0018919999999980064 1931 46
0.001830999999810956 892 23
0.0020140000001447333 951 20
0.0018310000000383297 924 23
0.0018929999998817948 958 21
0.0018310000000383297 903 23
0.001952999999957683 5556 110
0.0018919999999980064 2263 54
0.0018310000000383297 5899 139
0.0018919999999980064 1834 42
0.0018310000000383297 1120 18
0.0018919999999980064 654 14
0.0018310000000383297 5988 141
0.0018919999999980064 1842 42
0.0018310000000383297 1878 46
0.0020139999999173597 945 22
0.0018310000000383297 922 22
0.0018310000000383297 928 22
0.0018919999999980064 2952 61
0.0018919999999980064 2886 70
0.0018919999999980064 2845 66
0.001830999999810956 1892 44
0.0019530000001850567 897 22
0.0018919999999980064 4929 114
0.0018919999999980064 5895 135
0.0018919999999980064 3774 107
0.0019530000001850567 933 29
0.0018310000000383297 937 29
0.0018919999999980064 3980 125
0.001952999999957683 952 26
0.0019539999998414714 926 26
0.0020139999999173597 4987 145
0.0020150000000285218 958 27
0.00207500000010441 1040 22
0.001830999999810956 5895 171
0.0020139999999173597 1930 56
0.00207500000010441 979 30
0.001952999999957683 925 26
0.00207500000010441 1951 56
0.001952999999957683 938 29
0.0020749999998770363 989 26
0.0020140000001447333 939 29
0.0020150000000285218 1976 50
0.0020749999998770363 2961 84
0.00207500000010441 990 30
0.0020139999999173597 950 26
0.0020140000001447333 2970 87
0.0020749999998770363 1938 58
0.00207500000010441 979 28
0.0020150000000285218 978 29
0.0020139999999173597 6984 191
0.001952999999957683 896 25
0.0020140000001447333 923 26
0.002136999999947875 3027 79
0.0020139999999173597 952 27
0.001952999999957683 1950 56
0.001952999999957683 1962 58
0.001952999999957683 2964 76
0.0020139999999173597 921 28
0.0020139999999173597 963 24
0.0020140000001447333 986 30
0.0020759999999881984 979 28
0.001952999999957683 982 28
0.0020139999999173597 994 28
0.0017090000001189765 840 22
0.0020139999999173597 1015 29
0.0018310000000383297 964 24
0.0018310000000383297 5922 160
0.0018310000000383297 1918 51
0.001952999999957683 3950 94
0.001830999999810956 3788 81
0.0018919999999980064 2825 62
0.001952999999957683 846 18
0.001952999999957683 1955 43
0.0018310000000383297 889 19
0.001952999999957683 2963 72
0.001830999999810956 1851 43
0.0018919999999980064 893 21
0.0018919999999980064 1019 17
0.0018310000000383297 2892 69
0.001830999999810956 1860 42
0.0018919999999980064 927 23
0.0018919999999980064 938 20
0.001954000000068845 2966 70
0.0018310000000383297 1902 42
0.0018919999999980064 1881 45
0.001952999999957683 1957 46
0.0018310000000383297 899 21
0.001952999999957683 1959 47
0.001954000000068845 1918 33
0.0018919999999980064 936 21
0.0018919999999980064 910 22
0.001952999999957683 2953 67
0.001770000000078653 2851 66
0.0018930000001091685 2887 65
0.0018310000000383297 864 21
0.0018919999999980064 2930 67
0.0019530000001850567 880 21
0.0018919999999980064 2932 65
0.0019530000001850567 1912 44
0.0018919999999980064 923 21
0.0018929999998817948 889 20
0.0018919999999980064 864 19
0.0018310000000383297 1985 46
0.0018919999999980064 996 17
0.0018310000000383297 1814 44
0.0018919999999980064 1915 44
0.0019530000001850567 5933 137
0.0018919999999980064 3877 81
0.0018310000000383297 841 18
0.001830999999810956 916 22
0.0018919999999980064 954 20
0.001952999999957683 3954 93
0.001952999999957683 2888 68
0.0018919999999980064 1884 45
0.0018919999999980064 890 21
0.0018310000000383297 924 20
0.0018919999999980064 3035 72
0.0018919999999980064 1867 43
0.0018919999999980064 858 18
0.0018919999999980064 2928 60
0.0018310000000383297 3825 87
0.0018930000001091685 858 21
0.001952999999957683 1959 41
0.001952999999957683 3911 119
0.0018919999999980064 1944 60
0.0018919999999980064 1904 57
0.0019539999998414714 979 28
0.0020139999999173597 1959 53
0.0020139999999173597 950 27
0.0020140000001447333 975 24
0.0020140000001447333 1982 55
0.0020759999999881984 1142 23
0.0020139999999173597 806 21
0.0021360000000640866 1990 54
0.0020139999999173597 1957 54
0.0020150000000285218 958 28
0.0020139999999173597 1969 55
0.0018919999999980064 1969 51
0.00207500000010441 980 28
0.0020139999999173597 1976 52
0.0020749999998770363 1957 55
0.001954000000068845 2935 79
0.0020140000001447333 2982 85
0.0020139999999173597 3961 102
0.0020140000001447333 1948 55
0.0020139999999173597 960 25
0.0019539999998414714 1943 53
0.00207500000010441 3005 85
0.0020139999999173597 963 23
0.0020139999999173597 965 28
0.00207500000010441 1969 54
0.0020139999999173597 977 28
0.0020140000001447333 992 26
0.001952999999957683 1009 22
0.0020749999998770363 914 23
0.0019530000001850567 2009 54
0.0020139999999173597 900 26
0.0020139999999173597 4958 135
0.00207500000010441 979 27
0.0020140000001447333 1997 50
0.0020139999999173597 902 25
0.0020759999999881984 994 28
0.0018919999999980064 1963 55
0.0019530000001850567 896 26
0.001952999999957683 961 21
0.0018919999999980064 959 28
0.001952999999957683 990 26
0.001952999999957683 952 26
0.001954000000068845 1973 53
0.001952999999957683 973 28
0.0018919999999980064 2951 78
0.001952999999957683 1974 53
0.0018919999999980064 1986 51
0.0018930000001091685 3941 101
0.0018310000000383297 930 20
0.0018919999999980064 1942 53
0.0018919999999980064 970 26
0.0018310000000383297 958 24
0.0017699999998512794 934 25
0.001952999999957683 976 24
0.0018919999999980064 4951 128
0.0018319999999221181 1932 51
0.0018310000000383297 1972 53
0.0018919999999980064 6963 184
0.0018929999998817948 4893 123
0.0018919999999980064 1994 45
0.0018310000000383297 863 25
0.001830999999810956 3959 104
0.0018919999999980064 1939 51
0.0019539999998414714 1009 29
0.0018310000000383297 891 20
0.001952999999957683 980 28
0.0019530000001850567 968 24
0.0018919999999980064 1952 52
0.0020139999999173597 1005 29
0.0018919999999980064 1929 46
0.0020139999999173597 992 25
0.0018930000001091685 975 26
0.001952999999957683 1986 53
0.001952999999957683 1937 53
0.0018919999999980064 2947 71
0.0020150000000285218 2994 71
0.001952999999957683 2970 76
0.0018919999999980064 1932 50
0.0019530000001850567 3008 82
0.0018919999999980064 930 23
0.0018929999998817948 952 26
0.001952999999957683 1054 22
0.0018919999999980064 844 20
0.0018919999999980064 2997 79
0.0018310000000383297 930 19
0.0018310000000383297 942 27
0.0018310000000383297 5955 146
0.0018929999998817948 881 21
0.0018919999999980064 947 23
0.0018919999999980064 954 23
0.0018919999999980064 955 23
0.0019530000001850567 991 24
0.0018919999999980064 4975 125
0.001954000000068845 960 26
0.001952999999957683 2964 81
0.0018919999999980064 984 25
0.001952999999957683 927 24
0.0018919999999980064 2964 80
0.001954000000068845 997 26
0.0018919999999980064 1917 52
0.0018919999999980064 1978 48
0.0020140000001447333 3984 108
0.0018929999998817948 1956 52
0.0018919999999980064 937 25
0.0018919999999980064 1976 53
0.001952999999957683 927 25
0.0018310000000383297 1967 51
0.0018310000000383297 947 23
0.0018310000000383297 3943 97
0.0019530000001850567 3964 107
0.0019530000001850567 1885 50
0.001952999999957683 1981 52
0.001952999999957683 1928 51
0.0018929999998817948 931 20
0.0018919999999980064 973 28
0.0018919999999980064 5973 156
0.0018919999999980064 1937 52
0.0018930000001091685 913 21
0.0018919999999980064 978 25
0.001952999999957683 2001 53
0.0018919999999980064 3961 102
0.0018929999998817948 1965 53
0.0018919999999980064 1995 52
0.0018919999999980064 3955 105
0.0018919999999980064 4957 134
0.0019530000001850567 1944 53
0.0018919999999980064 964 22
0.001830999999810956 914 26
0.0018919999999980064 2048 49
0.0019539999998414714 2913 73
0.0019530000001850567 983 25
0.0018310000000383297 1953 51
0.0020139999999173597 1017 26
0.0018919999999980064 1985 47
0.001952999999957683 1965 54
0.0018930000001091685 930 25
0.0018919999999980064 979 25
0.0018919999999980064 1984 53
0.001952999999957683 1969 50
0.001952999999957683 987 28
0.001952999999957683 1978 52
0.0018919999999980064 934 25
0.0018919999999980064 978 26
0.001954000000068845 974 25
0.0018310000000383297 1966 53
0.0018310000000383297 1955 52
0.0020139999999173597 1133 22
0.0018919999999980064 828 21
0.001952999999957683 1990 53
0.0018310000000383297 945 27
0.001954000000068845 989 24
0.001952999999957683 2011 53
0.001952999999957683 2939 77
0.001952999999957683 988 26
0.0018919999999980064 971 22
0.0020140000001447333 994 26
0.0018919999999980064 1963 53
0.0018919999999980064 1968 53
0.0018919999999980064 1968 55
0.001952999999957683 988 23
0.0018919999999980064 1947 53
0.0018919999999980064 3992 106
0.0020139999999173597 2088 47
0.0018310000000383297 819 24
0.0018919999999980064 961 22
0.0020139999999173597 1005 29
0.001954000000068845 1964 52
0.0018310000000383297 3941 102
0.001952999999957683 875 23
0.0020139999999173597 1946 52
0.001952999999957683 3999 103
0.0019530000001850567 927 24
0.001952999999957683 1940 52
0.001952999999957683 983 28
0.0018919999999980064 1947 51
0.0018919999999980064 2980 74
0.0018919999999980064 1885 51
0.0018310000000383297 1885 49
0.0018919999999980064 3131 70
0.001952999999957683 1673 43
0.001952999999957683 963 26
0.0018320000001494918 917 20
0.0017699999998512794 3963 100
0.0018919999999980064 795 21
0.0018930000001091685 7209 173
0.001952999999957683 571 14
0.0018310000000383297 920 24
0.0018919999999980064 4972 128
0.001952999999957683 873 21
0.0018310000000383297 1962 51
0.0018930000001091685 905 22
0.001830999999810956 1924 49
0.001952999999957683 2936 76
0.0018919999999980064 908 22
0.0018919999999980064 3117 70
0.0018919999999980064 5690 141
0.0019530000001850567 875 21
0.0018919999999980064 948 24
0.0018310000000383297 1952 50
0.001952999999957683 942 23
0.001952999999957683 1551 19
0.0018929999998817948 1368 36
0.0018310000000383297 1921 49
0.0018919999999980064 2910 75
0.0018919999999980064 1894 47
0.001952999999957683 947 23
0.0018310000000383297 935 25
0.001952999999957683 958 22
0.0018919999999980064 953 26
0.0018310000000383297 1941 49
0.0018919999999980064 1968 50
0.0018919999999980064 914 21
0.0018919999999980064 4946 121
0.0019530000001850567 1915 49
0.0019539999998414714 935 23
0.0018310000000383297 927 23
0.0016479999999319261 881 19
0.001770000000078653 953 21
0.0018919999999980064 1951 50
0.001952999999957683 1972 49
0.0018919999999980064 1950 51
0.0018919999999980064 900 23
0.0017699999998512794 1961 55
0.0018919999999980064 1948 53
0.0017089999998916028 1911 53
0.0017699999998512794 1989 56
0.001770000000078653 946 25
0.0018310000000383297 2003 55
0.001770000000078653 1954 54
0.0017699999998512794 2968 84
0.0018310000000383297 983 26
0.001770000000078653 965 28
0.0017699999998512794 2992 81
0.001830999999810956 2981 84
0.001770000000078653 929 26
0.001770000000078653 954 26
0.0018919999999980064 1017 28
0.0017699999998512794 1052 21
0.0018320000001494918 4875 136
0.0017090000001189765 3965 110
0.0017699999998512794 1965 54
0.0018919999999980064 1207 23
0.001770000000078653 1737 47
0.0017699999998512794 1970 54
0.0018310000000383297 978 28
0.0018310000000383297 2000 56
0.0017090000001189765 1942 52
0.0017699999998512794 937 25
0.00189200000022538 1024 29
0.001770000000078653 1950 54
0.0018310000000383297 990 27
0.001770000000078653 1947 54
0.0018310000000383297 990 28
0.001770000000078653 955 26
0.0018919999999980064 7001 193
0.0018919999999980064 1926 54
0.001770000000078653 958 23
0.0018310000000383297 3963 108
0.0017089999998916028 6915 193
0.0018919999999980064 966 25
0.0017699999998512794 1943 52
0.0018310000000383297 2978 76
0.001770000000078653 952 25
0.0018310000000383297 994 29
0.0018310000000383297 980 24
0.0017090000001189765 2881 79
0.001830999999810956 3989 106
0.001770000000078653 926 23
0.001770000000078653 978 26
0.0017089999998916028 950 22
0.0017699999998512794 1974 49
0.001770000000078653 930 25
0.0018310000000383297 1011 26
0.0017089999998916028 948 26
0.0016479999999319261 2943 73
0.0017089999998916028 2955 80
0.001770000000078653 3953 103
0.001770000000078653 4961 132
0.0017089999998916028 3895 97
0.0018310000000383297 950 24
0.001770000000078653 941 25
0.0017089999998916028 1966 51
0.001770000000078653 961 24
0.001770000000078653 2950 78
0.0018319999999221181 1933 50
0.001830999999810956 2946 74
0.0018310000000383297 982 19
0.0017699999998512794 1908 53
0.0018310000000383297 1943 51
0.0018310000000383297 2979 78
0.001770000000078653 3915 106
0.0017090000001189765 3926 98
0.001770000000078653 1935 51
0.001770000000078653 970 22
0.0016480000001592998 1948 53
0.001770000000078653 2939 77
0.001770000000078653 2976 78
0.0018310000000383297 1933 51
0.0018310000000383297 966 22
0.0017699999998512794 1968 52
0.001770000000078653 963 26
0.0017699999998512794 947 21
0.001770000000078653 968 27
0.001770000000078653 970 23
0.0018319999999221181 1954 45
0.0018919999999980064 1981 46
0.0018919999999980064 918 21
0.0018919999999980064 981 20
0.0018310000000383297 1960 44
0.0018919999999980064 1951 41
0.0017699999998512794 2918 72
0.001770000000078653 4970 131
0.0017699999998512794 1882 47
0.0018310000000383297 956 23
0.0018310000000383297 2947 78
0.0018310000000383297 1948 51
0.0017089999998916028 2943 76
0.0018310000000383297 988 26
0.0017699999998512794 1936 51
0.0018310000000383297 1978 40
0.001770000000078653 950 25
0.001770000000078653 951 25
0.0017090000001189765 1952 50
0.0018310000000383297 980 27
0.0017699999998512794 961 21
0.0017090000001189765 3987 101
0.0017699999998512794 922 25
0.001830999999810956 2985 74
0.0020140000001447333 940 26
0.002135999999836713 4164 95
0.002136999999947875 1734 39
0.001952999999957683 934 22
0.0021360000000640866 984 23
0.0020749999998770363 966 23
0.001952999999957683 3937 97
0.0021360000000640866 910 22
0.00207500000010441 968 26
0.001952999999957683 1942 49
0.0020150000000285218 949 25
0.0020749999998770363 1999 48
0.0020139999999173597 1899 50
0.002136999999947875 992 25
0.0020140000001447333 934 24
0.0020139999999173597 965 24
0.00207500000010441 958 27
0.002014999999801148 2955 68
0.0020139999999173597 3947 107
0.002136999999947875 1004 28
0.0020139999999173597 4949 130
0.001952999999957683 1942 53
0.00207500000010441 956 26
0.0020749999998770363 982 25
0.0020140000001447333 1058 22
0.0020749999998770363 902 22
0.0020140000001447333 1976 54
0.0020749999998770363 959 26
0.0020139999999173597 1000 24
0.0020139999999173597 1956 53
0.0020150000000285218 971 27
0.001952999999957683 3971 103
0.001952999999957683 2988 78
0.0018919999999980064 919 24
0.0019530000001850567 1925 49
0.001952999999957683 1966 47
0.0020150000000285218 1931 48
0.001952999999957683 5980 151
0.00189200000022538 2842 69
0.0018310000000383297 1918 47
0.001830999999810956 915 23
0.001954000000068845 998 25
0.0018919999999980064 1116 18
0.0018919999999980064 1776 45
0.001770000000078653 1909 46
0.0018919999999980064 1965 50
0.0018919999999980064 923 24
0.001952999999957683 983 23
0.001770000000078653 923 24
0.0019539999998414714 978 23
0.0018310000000383297 884 23
0.0018919999999980064 919 20
0.0018919999999980064 930 25
0.001952999999957683 3087 68
0.0018310000000383297 756 20
0.001952999999957683 935 23
0.0018310000000383297 928 23
0.0018310000000383297 956 24
0.0018919999999980064 2985 70
0.0019530000001850567 618 16
0.0018919999999980064 4203 94
0.0018310000000383297 14661 409
0.0019530000001850567 1923 56
0.001952999999957683 1933 53
0.0018919999999980064 926 27
0.001830999999810956 3960 113
0.0019530000001850567 918 26
0.0018919999999980064 949 27
0.001952999999957683 3956 106
0.0018919999999980064 917 24
0.001954000000068845 967 28
0.0018919999999980064 1936 55
0.0018919999999980064 944 27
0.0020139999999173597 1992 57
0.0018919999999980064 939 26
0.0019530000001850567 2986 79
0.0019539999998414714 916 25
0.0018310000000383297 1950 54
0.0018310000000383297 1946 55
0.0018919999999980064 950 28
0.001952999999957683 977 25
0.0019530000001850567 973 30
0.0020140000001447333 3000 87
0.001952999999957683 959 27
0.0018919999999980064 969 29
0.0019530000001850567 2964 75
0.0020150000000285218 2984 90
0.0018919999999980064 972 27
0.001952999999957683 1971 57
0.0018919999999980064 973 30
0.0018919999999980064 3000 85
0.001952999999957683 970 29
0.001952999999957683 2004 60
0.0018919999999980064 956 24
0.0020139999999173597 1011 25
0.0018919999999980064 955 26
0.001952999999957683 2999 89
0.001952999999957683 3965 116
0.0019530000001850567 4030 112
0.0020150000000285218 929 27
0.001952999999957683 1992 58
0.0018919999999980064 954 30
0.0020139999999173597 1024 26
0.0020140000001447333 3981 117
0.0018319999999221181 935 29
0.0020140000001447333 2051 53
0.0018919999999980064 927 25
0.001952999999957683 3992 118
0.0019530000001850567 3005 84
0.001952999999957683 957 26
0.0020139999999173597 2994 89
0.001952999999957683 3955 116
0.0019530000001850567 973 29
0.001952999999957683 2005 60
0.0018919999999980064 967 21
0.001952999999957683 1974 57
0.001954000000068845 995 31
0.001952999999957683 1002 26
0.001954000000068845 6937 201
0.0020139999999173597 1007 29
0.0020140000001447333 2004 59
0.001952999999957683 1982 61
0.001954000000068845 2984 85
0.001952999999957683 966 30
0.0019530000001850567 3987 112
0.0020150000000285218 2977 86
0.0018919999999980064 1955 59
0.0020139999999173597 1001 28
0.0018919999999980064 2936 87
0.0020139999999173597 5004 141
0.0018919999999980064 2938 87
0.0020140000001447333 990 28
0.0018919999999980064 975 30
0.001952999999957683 3977 118
0.0020139999999173597 1033 21
0.0019530000001850567 937 29
0.0019530000001850567 3956 116
0.001952999999957683 995 25
0.001952999999957683 989 31
0.001952999999957683 2972 84
0.0018919999999980064 2006 52
0.001952999999957683 1941 55
0.0018919999999980064 3990 115
0.001952999999957683 2975 81
0.0018919999999980064 965 30
0.0020139999999173597 3034 91
0.0019530000001850567 2943 85
0.0019539999998414714 971 30
0.0018919999999980064 2018 58
0.0020139999999173597 1005 24
0.0020749999998770363 1959 57
0.001952999999957683 3973 120
0.00189200000022538 940 27
0.0020140000001447333 7991 237
0.001952999999957683 972 24
0.001952999999957683 1953 54
0.001770000000078653 1942 55
0.001952999999957683 963 28
0.001952999999957683 1966 58
0.0020139999999173597 1010 29
0.0018919999999980064 1970 59
0.0018319999999221181 3959 109
0.0019530000001850567 984 31
0.0020139999999173597 986 26
0.001952999999957683 2005 58
0.001952999999957683 2004 51
0.001954000000068845 1943 57
0.001952999999957683 1991 58
0.0020139999999173597 982 28
0.0019530000001850567 1941 57
0.001952999999957683 997 31
0.0020150000000285218 1968 57
0.0020140000001447333 4970 144
0.001952999999957683 1177 25
0.0020150000000285218 1803 53
0.0018919999999980064 942 25
0.0020140000001447333 3020 90
0.001952999999957683 971 26
0.001830999999810956 3960 111
0.0020140000001447333 2001 55
0.0018919999999980064 972 28
0.0020140000001447333 3002 81
0.0018919999999980064 954 28
0.0019539999998414714 985 31
0.0019530000001850567 943 24
0.0020139999999173597 1035 32
0.001952999999957683 1947 55
0.001952999999957683 990 26
0.0020139999999173597 5977 169
0.0019530000001850567 1968 57
0.001952999999957683 3998 117
0.001952999999957683 2932 87
0.0020140000001447333 1007 29
0.001952999999957683 985 27
0.0019530000001850567 1964 59
0.0020140000001447333 5056 150
0.001952999999957683 930 24
0.0018919999999980064 1973 57
0.0020139999999173597 1012 25
0.0020140000001447333 1980 59
0.001830999999810956 929 23
0.00207500000010441 1007 31
0.0018919999999980064 3957 116
0.0020140000001447333 11012 315
0.001952999999957683 970 29
0.0018930000001091685 1942 57
0.0020139999999173597 992 28
0.001952999999957683 4007 114
0.001954000000068845 1973 55
0.001952999999957683 990 28
0.0019530000001850567 2950 88
0.0020139999999173597 1001 29
0.001952999999957683 1968 58
0.0020150000000285218 1023 30
0.0020140000001447333 1965 61
0.0020139999999173597 1952 50
0.0018919999999980064 966 26
0.0019539999998414714 2994 90
0.001952999999957683 990 26
0.0019530000001850567 972 31
0.001952999999957683 2994 85
0.001952999999957683 2997 85
0.0018919999999980064 2963 84
0.0020139999999173597 1999 57
0.0018919999999980064 953 27
0.0020759999999881984 1032 29
0.0018919999999980064 2940 86
0.0019530000001850567 1985 52
0.001952999999957683 4017 120
0.0019530000001850567 957 27
0.0020150000000285218 6006 174
0.001952999999957683 958 28
0.0018919999999980064 4946 138
0.0020759999999881984 985 29
0.0018919999999980064 1015 19
0.0020139999999173597 922 28
0.001952999999957683 1985 49
0.0018930000001091685 3917 90
0.0020749999998770363 955 23
0.001952999999957683 3935 96
0.001952999999957683 1904 47
0.001954000000068845 933 22
0.001952999999957683 1092 20
0.001952999999957683 863 18
0.0019530000001850567 2932 70
0.0020139999999173597 985 22
0.0020139999999173597 972 23
0.0020139999999173597 2979 72
0.001952999999957683 1909 48
0.0020749999998770363 1205 18
0.0018919999999980064 695 18
0.0018919999999980064 2997 74
0.0020139999999173597 909 24
0.0020749999998770363 1970 48
0.0019530000001850567 966 22
0.0019539999998414714 1921 47
0.0018919999999980064 4956 123
0.00207500000010441 941 22
0.001952999999957683 3963 98
0.0018919999999980064 1907 47
0.0020139999999173597 959 25
0.0018930000001091685 1950 49
0.0020749999998770363 982 22
0.0018919999999980064 910 24
0.0020139999999173597 1996 49
0.002014999999801148 3087 68
0.0020140000001447333 1775 44
0.0018919999999980064 959 24
0.001952999999957683 1955 49
0.002014999999801148 1962 49
0.0020139999999173597 1963 48
0.0018919999999980064 905 22
0.0020139999999173597 965 24
0.0020749999998770363 5059 120
0.001952999999957683 861 20
0.0019530000001850567 933 24
0.0021360000000640866 1977 48
0.001830999999810956 913 19
0.0019530000001850567 3984 99
0.001952999999957683 921 20
0.0020140000001447333 2991 76
0.0020140000001447333 5932 136
0.0020150000000285218 1895 48
0.0018919999999980064 4927 121
0.0020749999998770363 947 24
0.001952999999957683 1948 47
0.001952999999957683 932 23
0.0018919999999980064 2966 74
0.001952999999957683 1934 48
0.0020150000000285218 935 24
0.001952999999957683 965 22
0.0018919999999980064 3970 100
0.001952999999957683 3919 92
0.001952999999957683 3905 97
0.001952999999957683 3915 97
0.0018320000001494918 4904 118
0.00207500000010441 1988 42
0.001952999999957683 1929 47
0.0020749999998770363 1016 24
0.0018919999999980064 3958 95
0.0018919999999980064 3961 94
0.0018919999999980064 925 21
0.0018919999999980064 979 21
0.0018310000000383297 1921 42
0.0018919999999980064 3020 65
0.0018919999999980064 916 19
0.0018919999999980064 955 21
0.0018919999999980064 985 21
0.0018310000000383297 3275 61
0.0018919999999980064 588 13
0.001954000000068845 971 22
0.001770000000078653 3954 87
0.001952999999957683 950 21
0.0018919999999980064 3949 85
0.0018919999999980064 914 19
0.0018930000001091685 944 21
0.0018919999999980064 955 20
0.0018919999999980064 2150 39
0.0018919999999980064 782 18
0.0018919999999980064 2939 65
0.0018919999999980064 2916 64
0.0018919999999980064 5238 104
0.001952999999957683 1666 38
0.0018919999999980064 961 21
0.0018919999999980064 1955 43
0.0018919999999980064 957 21
0.0018310000000383297 3936 86
0.0018919999999980064 906 19
0.0018919999999980064 940 20
0.0018919999999980064 3976 86
0.0018929999998817948 2930 64
0.0018310000000383297 898 18
0.001952999999957683 1007 23
0.0018310000000383297 910 19
0.0018919999999980064 1985 44
0.0018919999999980064 947 21
0.0018310000000383297 938 20
0.0018919999999980064 963 22
0.0018919999999980064 973 20
0.0018310000000383297 2949 64
0.001952999999957683 1024 16
0.0018919999999980064 2885 64
0.0018919999999980064 943 19
0.0018310000000383297 2940 63
0.0018310000000383297 4925 113
0.001952999999957683 912 23
0.0020139999999173597 1984 48
0.0019530000001850567 996 24
0.001830999999810956 938 22
0.001954000000068845 972 24
0.0020139999999173597 999 22
0.005920000000060099 3463 17
0.001952999999957683 494 6
0.0018919999999980064 952 15
0.0018919999999980064 4974 78
0.0018919999999980064 963 16
0.0020140000001447333 1993 30
0.0020139999999173597 954 15
0.002136999999947875 1022 16
0.0020139999999173597 1974 32
0.001952999999957683 2972 49
0.0021370000001752487 1019 16
0.001952999999957683 965 16
0.0020749999998770363 2993 47
0.0020139999999173597 5956 97
0.0020140000001447333 1986 31
0.001952999999957683 944 16
0.0021360000000640866 3007 50
0.002014999999801148 969 15
0.0020140000001447333 965 16
0.0020139999999173597 979 15
0.0021360000000640866 1031 17
0.001954000000068845 2939 47
0.00207500000010441 1000 16
0.00207500000010441 2998 50
0.0020749999998770363 958 15
0.0020150000000285218 988 16
0.002135999999836713 1984 33
0.0020150000000285218 3923 62
0.00207500000010441 1001 14
0.0020139999999173597 981 15
0.0020140000001447333 3977 66
0.0020139999999173597 2983 46
0.00207500000010441 1997 34
0.0020749999998770363 997 14
0.0020139999999173597 1983 32
0.0020140000001447333 992 17
0.001952999999957683 1995 31
0.0018310000000383297 2907 46
0.0018930000001091685 5049 76
0.001952999999957683 913 13
0.001952999999957683 2953 45
0.0018919999999980064 980 15
0.0018919999999980064 3926 59
0.001952999999957683 2958 42
0.001952999999957683 1954 29
0.0018919999999980064 904 13
0.0018930000001091685 3978 58
0.0018310000000383297 4906 75
0.001952999999957683 900 12
0.0018919999999980064 969 15
0.0019530000001850567 995 12
0.0018919999999980064 1971 30
0.0018310000000383297 1914 29
0.0020139999999173597 1006 13
0.001952999999957683 1909 28
0.0018919999999980064 966 15
0.0020140000001447333 1008 13
0.0018919999999980064 2953 46
0.0018310000000383297 2880 41
0.001952999999957683 976 15
0.0018919999999980064 1965 30
0.0018919999999980064 940 13
0.0018310000000383297 2985 41
0.0018919999999980064 5969 92
0.0019530000001850567 886 12
0.0018929999998817948 964 14
0.001952999999957683 1004 15
0.0018919999999980064 2975 44
0.0018919999999980064 1866 29
0.001954000000068845 3977 58
0.0018919999999980064 886 12
0.0018919999999980064 997 15
0.0020139999999173597 968 13
0.0018919999999980064 986 15
0.0019530000001850567 972 13
0.00189200000022538 1946 29
0.001952999999957683 975 15
0.0018310000000383297 1955 29
0.001952999999957683 961 13
0.0018919999999980064 2958 40
0.0018919999999980064 916 13
0.0018310000000383297 3009 45
0.001954000000068845 936 13
0.0018919999999980064 969 15
0.0018919999999980064 991 10
0.001952999999957683 971 15
0.001952999999957683 970 14
0.001952999999957683 1948 29
0.0018919999999980064 953 13
0.0018919999999980064 1923 30
0.001952999999957683 2971 46
0.001952999999957683 1982 31
0.0019530000001850567 949 16
0.0018919999999980064 948 16
0.001952999999957683 4015 61
0.0018919999999980064 1958 30
0.0018919999999980064 1943 28
0.0020139999999173597 2025 31
0.0018310000000383297 948 14
0.0018919999999980064 1960 31
0.0018310000000383297 986 12
0.0018919999999980064 2027 32
0.001952999999957683 1979 29
0.0020139999999173597 980 16
0.0018919999999980064 2921 44
0.001952999999957683 991 15
0.0018919999999980064 2010 31
0.0018919999999980064 2932 46
0.0018919999999980064 2968 45
0.00207500000010441 1011 14
0.0018919999999980064 960 15
0.0018919999999980064 955 14
0.0018310000000383297 1959 30
0.001954000000068845 2033 28
0.001952999999957683 1918 29
0.001952999999957683 5011 79
0.0018930000001091685 1941 30
0.0018919999999980064 2046 30
0.0018919999999980064 905 10
0.001952999999957683 982 16
0.0018919999999980064 999 11
0.001952999999957683 3013 47
0.001954000000068845 970 15
0.0018919999999980064 969 13
0.001952999999957683 1974 29
0.0020139999999173597 11009 164
0.001952999999957683 7967 122
0.001952999999957683 1976 30
0.0020140000001447333 1029 15
0.0018919999999980064 1933 30
0.0018919999999980064 982 15
0.002014999999801148 980 14
0.001952999999957683 6991 109
0.0020139999999173597 1973 31
0.0018919999999980064 977 16
0.0020140000001447333 992 15
0.0018919999999980064 3957 66
0.0018930000001091685 967 15
0.001952999999957683 964 16
0.001952999999957683 4029 66
0.0018310000000383297 3951 60
0.0020139999999173597 1984 31
0.0020749999998770363 1985 28
0.001770000000078653 923 11
0.0020139999999173597 3001 47
0.0019530000001850567 1981 30
0.001952999999957683 2984 47
0.0020139999999173597 981 15
0.001954000000068845 984 15
0.001952999999957683 981 12
0.0018919999999980064 991 15
0.0020140000001447333 998 15
0.0018310000000383297 929 14
0.0020139999999173597 998 15
0.0020150000000285218 2980 46
0.0018919999999980064 970 15
0.0018919999999980064 2992 46
0.0020139999999173597 2004 31
0.0018919999999980064 954 14
0.0020140000001447333 5017 78
0.0018919999999980064 1945 30
0.0020139999999173597 1004 14
0.0018919999999980064 979 16
0.001954000000068845 975 12
0.001952999999957683 1978 31
0.001952999999957683 1976 29
0.0019530000001850567 974 16
0.0018919999999980064 951 14
0.0018929999998817948 1984 29
0.001952999999957683 3037 48
0.0018310000000383297 937 12
0.0020140000001447333 4019 62
0.0018919999999980064 3935 61
0.0020139999999173597 5984 92
0.0018919999999980064 992 14
0.0020140000001447333 997 16
0.0018919999999980064 973 13
0.0018919999999980064 938 15
0.0020139999999173597 998 14
0.001952999999957683 1014 16
0.0018930000001091685 955 13
0.0020139999999173597 1043 17
0.001952999999957683 966 12
0.0020140000001447333 1991 31
0.0018919999999980064 968 15
0.0018919999999980064 6941 109
0.0020139999999173597 3024 46
0.001830999999810956 2993 44
0.0019530000001850567 937 15
0.0017699999998512794 946 13
0.0018919999999980064 974 15
0.001770000000078653 1970 28
0.0018919999999980064 977 13
0.0018310000000383297 2980 46
0.0018919999999980064 1995 31
0.0017709999999624415 1922 29
0.001952999999957683 1002 15
0.001770000000078653 922 13
0.001830999999810956 990 15
0.0018919999999980064 3008 45
0.0018310000000383297 1995 26
0.0018919999999980064 918 13
0.0018310000000383297 2002 29
0.0018930000001091685 3999 59
0.0018310000000383297 944 13
0.0017699999998512794 2902 43
0.0018310000000383297 1969 30
0.0018919999999980064 1997 29
0.0018310000000383297 1963 29
0.0018919999999980064 7989 120
0.0018310000000383297 870 14
0.0018919999999980064 4999 74
0.0018919999999980064 935 12
0.0018929999998817948 962 12
0.001770000000078653 3934 58
0.0018919999999980064 2006 29
0.0017699999998512794 923 13
0.0018919999999980064 1983 30
0.0018919999999980064 2028 30
0.0018310000000383297 907 13
0.0018919999999980064 956 14
0.0018320000001494918 956 14
0.0018919999999980064 1951 27
0.0018919999999980064 984 15
0.0018919999999980064 988 13
0.001830999999810956 976 15
0.0019530000001850567 998 11
0.0018310000000383297 2929 46
0.0018919999999980064 3012 45
0.0018319999999221181 899 13
0.0017699999998512794 1928 28
0.0019530000001850567 935 14
0.0018919999999980064 1007 15
0.0019530000001850567 5957 91
0.001830999999810956 949 11
0.0018930000001091685 966 15
0.0018310000000383297 2953 45
0.0018310000000383297 915 13
0.0018919999999980064 979 15
0.001830999999810956 3014 41
0.001770000000078653 2945 46
0.0018919999999980064 3984 55
0.0018919999999980064 1919 27
0.0018919999999980064 989 13
0.0018310000000383297 1951 27
0.0018320000001494918 4971 74
0.001952999999957683 915 14
0.0018310000000383297 1985 29
0.0018919999999980064 947 14
0.0018919999999980064 997 14
0.0018919999999980064 2949 45
0.0018919999999980064 1982 30
0.0018919999999980064 976 13
0.0018930000001091685 957 15
0.0018310000000383297 942 12
0.0018310000000383297 3996 59
0.001952999999957683 974 16
0.0018310000000383297 1917 27
0.001952999999957683 2005 30
0.0018930000001091685 2959 40
0.0017699999998512794 887 13
0.0018919999999980064 2987 46
0.0018310000000383297 5950 97
0.0018919999999980064 6911 111
0.0019530000001850567 1843 30
0.00189200000022538 1938 32
0.0019539999998414714 1949 30
0.0018919999999980064 4956 79
0.0018919999999980064 1968 29
0.0018919999999980064 2004 32
0.001954000000068845 962 17
0.001952999999957683 2934 46
0.0020140000001447333 1004 16
0.0020139999999173597 2975 49
0.001952999999957683 3970 68
0.001952999999957683 967 14
0.0019530000001850567 978 17
0.0018919999999980064 971 14
0.0020139999999173597 1044 18
0.001952999999957683 1985 31
0.0020139999999173597 1947 32
0.0018919999999980064 987 15
0.0020139999999173597 2949 50
0.0018310000000383297 978 12
0.0020759999999881984 1023 16
0.0018919999999980064 977 13
0.0018919999999980064 972 17
0.0018930000001091685 6962 114
0.0020140000001447333 3008 50
0.0018919999999980064 1966 32
0.001952999999957683 1956 31
0.0018919999999980064 4008 66
0.0018919999999980064 4006 64
0.0018929999998817948 1942 33
0.001952999999957683 9023 146
0.001952999999957683 1922 27
0.001952999999957683 2969 49
0.0018919999999980064 1995 32
0.0020749999998770363 999 17
0.0018919999999980064 3949 65
0.001954000000068845 1967 33
0.0018919999999980064 1979 32
0.001952999999957683 2979 47
0.0020139999999173597 1003 15
0.001770000000078653 2973 47
0.0020139999999173597 3982 68
0.0020150000000285218 2014 33
0.0020140000001447333 3950 63
0.001952999999957683 980 17
0.0020749999998770363 2001 32
0.0018919999999980064 950 13
0.001952999999957683 3014 52
0.001952999999957683 980 13
0.001952999999957683 942 16
0.001952999999957683 990 14
0.001952999999957683 976 17
0.001954000000068845 980 13
0.001952999999957683 5971 95
0.0019530000001850567 3033 47
0.001952999999957683 952 14
0.001952999999957683 1002 15
0.001952999999957683 966 14
0.001952999999957683 1987 32
0.0020150000000285218 1966 34
0.0018919999999980064 991 15
0.0018919999999980064 3002 49
0.0020139999999173597 1976 33
0.0018919999999980064 1926 31
0.001952999999957683 997 17
0.0018919999999980064 955 14
0.0020139999999173597 1024 17
0.0018919999999980064 935 13
0.0018310000000383297 939 16
0.0020139999999173597 1007 16
0.0018919999999980064 948 15
0.0019530000001850567 3011 49
0.001952999999957683 908 15
0.0020139999999173597 3975 64
0.0018310000000383297 869 11
0.001954000000068845 997 15
0.0018919999999980064 973 15
0.001952999999957683 969 15
0.001952999999957683 987 15
0.0018919999999980064 3929 63
0.0019539999998414714 1928 32
0.001952999999957683 1989 29
0.0018919999999980064 2953 49
0.001952999999957683 918 13
0.001952999999957683 974 16
0.001952999999957683 966 15
0.001952999999957683 1979 32
0.0018919999999980064 900 15
0.0018919999999980064 4988 81
0.0019530000001850567 905 14
0.001952999999957683 1991 29
0.0018310000000383297 894 15
0.0018310000000383297 959 13
0.001952999999957683 999 16
0.001770000000078653 982 13
0.0018310000000383297 976 14
0.0018310000000383297 2942 41
0.0017090000001189765 828 12
0.001830999999810956 942 13
0.0018310000000383297 1008 14
0.001770000000078653 910 12
0.0018310000000383297 961 14
0.0018919999999980064 987 13
0.0017699999998512794 1044 11
0.0018319999999221181 2908 42
0.0018310000000383297 1895 27
0.0018310000000383297 944 13
0.0018310000000383297 953 13
0.0018310000000383297 959 13
0.001830999999810956 950 14
0.0018310000000383297 1940 28
0.0018919999999980064 1956 28
0.0018310000000383297 4883 68
0.0018919999999980064 921 13
0.0017089999998916028 913 12
0.0018310000000383297 4977 72
0.001952999999957683 4980 71
0.009765999999899577 5905 26
0.0019530000001850567 2918 46
0.001952999999957683 6920 109
0.001952999999957683 928 14
0.0019530000001850567 1932 30
0.001954000000068845 1938 30
0.0020749999998770363 968 15
0.0019530000001850567 1928 30
0.001952999999957683 1980 30
0.001952999999957683 911 14
0.001952999999957683 1964 31
0.0020139999999173597 1990 30
0.0020139999999173597 933 15
0.001952999999957683 948 13
0.0019530000001850567 881 14
0.0020139999999173597 4012 63
0.0018929999998817948 4909 71
0.0018919999999980064 1915 27
0.0019530000001850567 953 12
0.001952999999957683 975 15
0.0017699999998512794 2901 40
0.001770000000078653 2973 45
0.0018919999999980064 974 13
0.001952999999957683 3948 59
0.0018310000000383297 1907 29
0.001830999999810956 958 15
0.0018310000000383297 978 12
0.001952999999957683 1975 30
0.001770000000078653 1979 30
0.001952999999957683 1014 17
0.0017699999998512794 957 11
0.001952999999957683 1976 28
0.001770000000078653 972 15
0.0018919999999980064 1986 31
0.0018919999999980064 1009 14
0.001770000000078653 954 15
0.001952999999957683 1015 14
0.001770000000078653 958 15
0.0018919999999980064 969 14
0.001770000000078653 948 15
0.0018310000000383297 2070 32
0.0017089999998916028 921 11
0.0018310000000383297 2023 31
0.0018319999999221181 3947 60
0.0018310000000383297 2990 47
0.0018919999999980064 4960 77
0.0018310000000383297 2038 30
0.0018310000000383297 928 15
0.001952999999957683 8001 117
0.0018310000000383297 907 13
0.001952999999957683 968 14
0.001954000000068845 4007 61
0.0018310000000383297 905 13
0.001952999999957683 1030 15
0.0018919999999980064 943 15
0.0018919999999980064 1030 14
0.001952999999957683 1951 23
0.0018310000000383297 949 15
0.0018919999999980064 995 14
0.001952999999957683 2995 46
0.0018929999998817948 933 11
0.0018310000000383297 955 15
0.0018310000000383297 942 12
0.0018919999999980064 991 16
0.0018310000000383297 1993 29
0.0018919999999980064 979 13
0.0018310000000383297 2981 42
0.001952999999957683 982 14
0.0018319999999221181 1935 29
0.0020140000001447333 1019 12
0.0018919999999980064 1964 28
0.0018310000000383297 1954 27
0.0018919999999980064 1004 15
0.0018919999999980064 1985 31
0.0018919999999980064 8926 136
0.001952999999957683 907 13
0.001954000000068845 4002 61
0.001830999999810956 913 14
0.0018310000000383297 950 13
0.0018919999999980064 993 15
0.0018310000000383297 2939 43
0.001952999999957683 977 15
0.0018310000000383297 970 12
0.001952999999957683 977 16
0.0018310000000383297 1020 12
0.0018310000000383297 1934 27
0.001954000000068845 1013 14
0.001830999999810956 954 13
0.0018919999999980064 3983 55
0.0018919999999980064 969 13
0.0018919999999980064 979 15
0.0018919999999980064 2957 45
0.0018930000001091685 1960 30
0.001952999999957683 4007 58
0.0018919999999980064 900 13
0.0018310000000383297 3973 60
0.0018919999999980064 2964 45
0.0018310000000383297 2925 42
0.001952999999957683 1996 29
0.0018310000000383297 913 12
0.0018310000000383297 2004 30
0.0018919999999980064 940 12
0.0018310000000383297 4947 74
0.0018919999999980064 963 14
0.0018919999999980064 4999 77
0.0018919999999980064 943 15
0.0017699999998512794 927 12
0.0018310000000383297 1982 29
0.0018919999999980064 2000 28
0.001952999999957683 2938 45
0.001952999999957683 1926 29
0.0018310000000383297 951 12
0.001770000000078653 1954 31
0.0019539999998414714 985 17
0.0018919999999980064 1961 28
0.001952999999957683 1024 15
0.0019530000001850567 994 15
0.0018919999999980064 2954 44
0.0018919999999980064 954 14
0.0018919999999980064 1006 15
0.0018919999999980064 933 14
0.0018930000001091685 984 16
0.001952999999957683 1021 17
0.001952999999957683 1980 31
0.001952999999957683 4930 79
0.0018919999999980064 957 14
0.001954000000068845 987 14
0.0018919999999980064 972 15
0.0019530000001850567 4969 71
0.0018919999999980064 1936 28
0.0019530000001850567 933 15
0.0020150000000285218 1950 29
0.001952999999957683 1013 12
0.001952999999957683 947 15
0.001952999999957683 2002 30
0.00207500000010441 1012 15
0.001952999999957683 958 14
0.001952999999957683 1962 26
0.0019530000001850567 2004 30
0.001952999999957683 2991 47
0.0018929999998817948 1938 27
0.0020139999999173597 3983 61
0.0019530000001850567 979 14
0.0020139999999173597 4034 63
0.0018919999999980064 949 13
0.00207500000010441 990 16
0.0018919999999980064 985 10
0.001952999999957683 948 15
0.001952999999957683 4031 62
0.0018919999999980064 2935 43
0.0019530000001850567 2992 48
0.0018919999999980064 980 10
0.0020139999999173597 1002 16
0.0020139999999173597 975 13
0.001952999999957683 1979 30
0.0020759999999881984 1002 15
0.001952999999957683 999 15
0.00207500000010441 1995 31
0.0020139999999173597 2008 31
0.001954000000068845 957 14
0.001770000000078653 969 13
0.0020140000001447333 3990 62
0.001952999999957683 942 13
0.001954000000068845 2042 31
0.0018919999999980064 944 15
0.001952999999957683 1953 30
0.0019530000001850567 3042 44
0.001952999999957683 6923 109
0.0018930000001091685 1978 30
0.0020749999998770363 1004 13
0.001952999999957683 1964 28
0.0020140000001447333 2001 32
0.001952999999957683 2975 48
0.00207500000010441 4005 61
0.0018919999999980064 932 12
0.00207500000010441 4035 62
0.0020139999999173597 1943 26
0.001952999999957683 962 14
0.0020759999999881984 1028 15
0.0019530000001850567 967 14
0.0020139999999173597 947 15
0.0018919999999980064 3020 45
0.001952999999957683 3982 62
0.0019530000001850567 964 15
0.001952999999957683 981 13
0.0020139999999173597 988 16
0.0020150000000285218 1945 29
0.0018919999999980064 2917 45
0.001952999999957683 1953 32
0.001952999999957683 996 16
0.0020139999999173597 8015 135
0.001952999999957683 1009 14
0.0018930000001091685 956 15
0.001952999999957683 1941 32
0.001952999999957683 985 16
0.001952999999957683 3979 66
0.001952999999957683 1982 32
0.001952999999957683 987 15
0.0018310000000383297 1969 30
0.001952999999957683 1011 17
0.0020139999999173597 963 16
0.001952999999957683 990 13
0.001954000000068845 943 16
0.001952999999957683 1990 33
0.0019530000001850567 987 13
0.001952999999957683 2967 51
0.0020140000001447333 1017 15
0.0018310000000383297 1961 31
0.0019530000001850567 961 14
0.0020139999999173597 1045 14
0.001952999999957683 1951 29
0.0020139999999173597 976 14
0.001952999999957683 2037 30
0.001952999999957683 2971 46
0.0018919999999980064 2986 47
0.0020150000000285218 954 14
0.001952999999957683 959 15
0.001952999999957683 1011 14
0.0020139999999173597 1956 28
0.001954000000068845 3017 48
0.001952999999957683 979 13
0.001952999999957683 935 15
0.0018919999999980064 969 14
0.00207500000010441 1038 16
0.0020139999999173597 1980 30
0.001952999999957683 2945 44
0.0020139999999173597 973 16
0.0018919999999980064 977 12
0.0018919999999980064 2002 31
0.001952999999957683 949 15
0.001952999999957683 1025 14
0.0020150000000285218 996 15
0.001952999999957683 972 15
0.001952999999957683 999 14
0.0019530000001850567 973 15
0.0020139999999173597 1001 15
0.0020759999999881984 2993 45
0.0018919999999980064 970 15
0.0018919999999980064 925 13
0.0018919999999980064 2019 30
0.001952999999957683 976 16
0.0020759999999881984 4026 61
0.001952999999957683 969 12
0.001952999999957683 2954 44
0.0020150000000285218 3972 59
0.0020140000001447333 2996 46
0.0018919999999980064 1976 30
0.0018919999999980064 1983 31
0.001952999999957683 2005 30
0.0020140000001447333 1021 16
0.001952999999957683 961 15
0.0020139999999173597 2990 45
0.001954000000068845 988 15
0.0018919999999980064 916 13
0.00207500000010441 1022 16
0.0020139999999173597 2999 45
0.0018929999998817948 2955 45
0.0020140000001447333 5000 88
0.0018930000001091685 1923 55
0.001952999999957683 2959 88
0.0019530000001850567 973 28
0.0018919999999980064 2953 88
0.0020759999999881984 986 26
0.001952999999957683 3980 116
0.001952999999957683 1926 58
0.0018919999999980064 3969 117
0.0019530000001850567 944 26
0.001952999999957683 985 30
0.0018310000000383297 945 24
0.001952999999957683 964 30
0.001952999999957683 1007 25
0.0018919999999980064 974 30
0.0018919999999980064 2978 83
0.0018919999999980064 950 29
0.0018919999999980064 986 26
0.0018310000000383297 5002 143
0.001830999999810956 899 21
0.0018310000000383297 3955 104
0.0018310000000383297 2974 80
0.0018919999999980064 965 21
0.0018310000000383297 7934 165
0.0018319999999221181 4871 101
0.0018310000000383297 1922 40
0.0018919999999980064 1863 39
0.0017699999998512794 861 20
0.0018310000000383297 2947 37
0.001952999999957683 920 21
0.0018310000000383297 1921 38
0.0018310000000383297 1837 39
0.0017699999998512794 865 18
0.0018310000000383297 2956 62
0.0018919999999980064 2884 61
0.0017710000001898152 829 17
0.0018919999999980064 2966 62
0.001770000000078653 1828 38
0.001952999999957683 973 20
0.001770000000078653 1871 38
0.0018310000000383297 3949 72
0.001830999999810956 892 18
totals: 4.406879999998409 2251 4376946.0 100000
